DEPT,GR,ILD,DPHI,NPHI,SitID,Pick,Formation,VSH,RESD
190.0,90.891,9.664,0.247,0.408,113881,0,6000,0.6414245739365593,2.2684086759601354
190.25,89.678,10.336,0.279,0.417,113881,0,6000,0.6257895898286528,2.335633914532038
190.5,83.233,10.172,0.324,0.388,113881,0,6000,0.5427166528332232,2.3196398306502277
190.75,84.636,9.715,0.27,0.396,113881,0,6000,0.5608006451690786,2.273672112164952
191.0,92.394,9.259,0.199,0.425,113881,0,6000,0.6607975179713351,2.225597131495568
191.25,89.748,8.451,0.209,0.416,113881,0,6000,0.6266918560178973,2.134285960853563
191.5,94.577,7.276,0.228,0.37,113881,0,6000,0.6889353335587707,1.9845826350364595
191.75,95.855,6.505,0.256,0.481,113881,0,6000,0.7054081362709754,1.8725726492423032
192.0,94.704,5.881,0.264,0.482,113881,0,6000,0.6905723022163998,1.7717285158674632
192.25,104.642,5.649,0.209,0.357,113881,0,6000,0.8186683220551243,1.7314803085663768
192.5,114.144,5.591,0.242,0.392,113881,0,6000,0.9411445124865554,1.7211599506317121
192.75,111.685,5.565,0.24,0.392,113881,0,6000,0.909449190210099,1.7164987816710868
193.0,110.97,5.489,0.191,0.388,113881,0,6000,0.900233185562817,1.7027479113915616
193.25,111.503,5.372,0.149,0.411,113881,0,6000,0.9071032981180635,1.6812021401633537
193.5,109.169,5.198,0.194,0.452,113881,0,6000,0.8770191654652577,1.6482758600343006
193.75,106.149,4.843,0.211,0.467,113881,0,6000,0.8380928241578571,1.5775364282548057
194.0,110.362,4.355,0.234,0.479,113881,0,6000,0.8923963592333799,1.4713269065130812
194.25,112.944,3.893,0.242,0.47,113881,0,6000,0.9256770920995087,1.3591826373380942
194.5,115.468,3.746,0.218,0.425,113881,0,6000,0.9582102329802634,1.320691273532482
194.75,111.138,3.902,0.236,0.56,113881,0,6000,0.9023986244170036,1.3614918049859492
195.0,102.575,4.88,0.238,0.471,113881,0,6000,0.7920256904384366,1.585147269043284
195.25,102.046,6.102,0.239,0.394,113881,0,6000,0.7852071359511469,1.8086182251000835
195.5,90.304,7.836,0.26,0.384,113881,0,6000,0.6338584274638955,2.058729776242787
195.75,88.718,9.226,0.257,0.374,113881,0,6000,0.6134156535190156,2.2220266690283865
196.0,99.469,9.483,0.226,0.327,113881,0,6000,0.7519908506699641,2.2495017764196468
196.25,103.983,9.177,0.302,0.357,113881,0,6000,0.810174130359238,2.216701443517006
196.5,105.825,8.472,0.347,0.427,113881,0,6000,0.8339166206533546,2.1367677886572376
196.75,104.113,7.616,0.334,0.402,113881,0,6000,0.8118497675678347,2.030252610513412
197.0,111.059,6.784,0.207,0.454,113881,0,6000,0.9013803525748562,1.9145683725451192
197.25,113.649,6.54,0.207,0.427,113881,0,6000,0.9347642015768985,1.8779386945199261
197.5,120.594,6.671,0.212,0.409,113881,0,6000,1.024281897066931,1.897771272751888
197.75,100.817,7.621,0.305,0.428,113881,0,6000,0.7693659195714131,2.0309089068468777
198.0,80.602,9.787,0.327,0.488,113881,0,6000,0.5088043336346235,2.2810559962067245
198.25,68.364,14.046,0.333,0.452,113881,0,6000,0.3510624247207263,2.6423383696830367
198.5,65.469,21.577,0.333,0.438,113881,0,6000,0.31374727303697614,3.071628396013599
198.75,58.525,28.451,0.338,0.471,113881,0,6000,0.22424246706393305,3.348183660820933
199.0,59.678,29.975,0.34,0.416,113881,0,6000,0.239104080152487,3.400364034524865
199.25,67.874,29.72,0.326,0.388,113881,0,6000,0.34474656139601545,3.391820556323257
199.5,70.833,28.121,0.326,0.379,113881,0,6000,0.3828866421670747,3.33651698379389
199.75,71.809,26.954,0.33,0.424,113881,0,6000,0.39546681074853923,3.2941320803493475
200.0,76.504,26.279,0.332,0.449,113881,0,6000,0.4559830930128593,3.268770521673954
200.25,77.783,25.814,0.33,0.447,113881,0,6000,0.4724687852420531,3.25091736779961
200.5,71.212,24.982,0.331,0.442,113881,0,6000,0.3877717691059836,3.218155965831845
200.75,69.565,24.266,0.327,0.427,113881,0,6000,0.36654273462476206,3.18907660572883
201.0,71.656,23.569,0.33,0.438,113881,0,6000,0.3934947146491909,3.1599327135202993
201.25,72.246,21.839,0.315,0.376,113881,0,6000,0.40109952967282203,3.083697820178954
201.5,71.094,18.84,0.312,0.373,113881,0,6000,0.3862508061012573,2.9359827999336385
201.75,69.82,16.557,0.324,0.417,113881,0,6000,0.3698295614570094,2.8068095770994415
202.0,71.783,14.471,0.329,0.445,113881,0,6000,0.39513168330681997,2.6721473377928637
202.25,68.125,13.282,0.324,0.439,113881,0,6000,0.34798183016030615,2.5864104880168983
202.5,65.56,12.169,0.298,0.433,113881,0,6000,0.31492021908299395,2.498892556114536
202.75,70.076,11.403,0.298,0.376,113881,0,6000,0.373129277806246,2.4338773556370397
203.0,81.883,10.648,0.299,0.35,113881,0,6000,0.5253158048977957,2.3653730202358707
203.25,73.754,10.821,0.307,0.333,113881,0,6000,0.4205369212925441,2.381489614718093
203.5,65.689,11.753,0.314,0.36,113881,0,6000,0.31658296677460135,2.4641093779969476
203.75,61.672,11.695,0.319,0.394,113881,0,6000,0.2648057770289628,2.4591622551020444
204.0,61.152,10.836,0.331,0.367,113881,0,6000,0.258103228194576,2.3828748470721828
204.25,62.298,10.605,0.329,0.457,113881,0,6000,0.27287461466420554,2.3613265309676392
204.5,70.492,11.602,0.333,0.521,113881,0,6000,0.37849131687375565,2.4511783589638596
204.75,64.418,11.815,0.338,0.411,113881,0,6000,0.3002003906813213,2.469370757020231
205.0,60.589,11.983,0.332,0.398,113881,0,6000,0.25084643012965324,2.483489813215595
205.25,66.229,12.294,0.334,0.392,113881,0,6000,0.32354330594877245,2.5091121518893997
205.5,68.134,12.637,0.332,0.411,113881,0,6000,0.34809783581320897,2.5366298101032863
205.75,68.102,11.622,0.314,0.421,113881,0,6000,0.34768537126955446,2.4529007140896457
206.0,73.743,9.191,0.251,0.334,113881,0,6000,0.4203951366056627,2.2182258323962705
206.25,81.934,6.215,0.218,0.381,113881,0,6000,0.5259731702642452,1.8269673339718384
206.5,90.066,4.373,0.244,0.444,113881,0,6000,0.6307907224204646,1.4754515591878303
206.75,80.879,3.722,0.268,0.427,113881,0,6000,0.5123747298406335,1.3142638449440156
207.0,75.118,3.636,0.256,0.391,113881,0,6000,0.43811822246582033,1.290886926586478
207.25,68.922,3.866,0.283,0.462,113881,0,6000,0.35825477520070287,1.352222967435665
207.5,66.399,5.56,0.311,0.562,113881,0,6000,0.3257345238369374,1.7155999068220245
207.75,64.813,8.208,0.345,0.526,113881,0,6000,0.30529174989205743,2.105110506751258
208.0,61.108,11.827,0.331,0.508,113881,0,6000,0.2575360894470509,2.4703858987915783
208.25,64.007,12.459,0.317,0.441,113881,0,6000,0.29490279919875784,2.522444055949039
208.5,69.645,11.436,0.319,0.464,113881,0,6000,0.36757389598389845,2.4367671488913025
208.75,71.549,9.426,0.32,0.391,113881,0,6000,0.39211553633134594,2.2434728893963722
209.0,79.99,7.669,0.291,0.354,113881,0,6000,0.5009159492372296,2.0371875327328435
209.25,84.321,6.418,0.284,0.4,113881,0,6000,0.5567404473174788,1.859108100804245
209.5,83.545,5.28,0.289,0.416,113881,0,6000,0.5467381821338554,1.6639279916557705
209.75,81.334,4.65,0.28,0.382,113881,0,6000,0.518239460070722,1.536869370134587
210.0,80.62,4.534,0.299,0.462,113881,0,6000,0.5090363449404293,1.5116067576409111
210.25,77.105,4.988,0.3,0.526,113881,0,6000,0.46372969272337183,1.6070370326273282
210.5,72.401,6.261,0.306,0.418,113881,0,6000,0.4030974048061489,1.8343415139508452
210.75,71.374,7.801,0.316,0.38,113881,0,6000,0.3898598708582348,2.054253212492292
211.0,65.488,9.849,0.311,0.436,113881,0,6000,0.31399217385977113,2.2873709425185558
211.25,61.099,11.336,0.318,0.474,113881,0,6000,0.25742008379414805,2.4279843845333677
211.5,60.634,11.457,0.321,0.418,113881,0,6000,0.2514264583941675,2.4386017697399462
211.75,66.583,11.82,0.314,0.392,113881,0,6000,0.3281061949629512,2.469793858001283
212.0,68.546,13.503,0.309,0.45,113881,0,6000,0.35340831681276175,2.6029126235547992
212.25,68.269,15.779,0.294,0.485,113881,0,6000,0.3498379206067518,2.7586805758070545
212.5,69.609,18.166,0.141,0.218,113881,0,6000,0.36710987337228707,2.899552265558787
212.75,65.236,18.599,-0.015,0.118,113881,0,6000,0.3107440155784914,2.9231083534961604
213.0,60.519,18.377,-0.013,0.109,113881,0,6000,0.24994416394040886,2.9111004268715983
213.25,66.843,17.749,0.115,0.168,113881,0,6000,0.3314574693801447,2.876329739718074
213.5,65.94,16.077,0.211,0.333,113881,0,6000,0.319818235538892,2.7773903011872227
213.75,56.444,14.078,0.314,0.342,113881,0,6000,0.1974193822093964,2.644614005513859
214.0,55.789,12.075,0.327,0.373,113881,0,6000,0.18897674858146676,2.4911380276956434
214.25,53.269,11.251,0.31,0.39,113881,0,6000,0.1564951657686688,2.4204579023984234
214.5,52.677,11.116,0.307,0.366,113881,0,6000,0.14886457171105913,2.4083864114840265
214.75,61.868,11.297,0.31,0.367,113881,0,6000,0.2673321223588472,2.4245380889351584
215.0,67.258,11.482,0.31,0.361,113881,0,6000,0.3368066189306649,2.4407814626734754
215.25,63.118,11.757,0.311,0.388,113881,0,6000,0.28344401859535406,2.464449658442357
215.5,63.898,11.75,0.298,0.409,113881,0,6000,0.2934978418469344,2.463854091653636
215.75,64.493,11.586,0.303,0.404,113881,0,6000,0.3011671044555116,2.4497983357847106
216.0,58.792,11.753,0.304,0.346,113881,0,6000,0.22768396810005095,2.4641093779969476
216.25,60.135,11.809,0.306,0.372,113881,0,6000,0.24499458941655394,2.4688627994305397
216.5,66.022,11.846,0.314,0.397,113881,0,6000,0.320875175932007,2.4719911020212244
216.75,65.681,11.813,0.325,0.418,113881,0,6000,0.3164798506386878,2.4692014664910396
217.0,60.543,11.715,0.332,0.441,113881,0,6000,0.2502535123481498,2.460870925565882
217.25,59.144,11.619,0.326,0.438,113881,0,6000,0.23222107808025125,2.4526425498596196
217.5,64.597,11.523,0.323,0.427,113881,0,6000,0.3025076142223889,2.4443459058610593
217.75,61.142,11.427,0.321,0.399,113881,0,6000,0.257974333024684,2.4359798512845225
218.0,66.343,11.331,0.327,0.396,113881,0,6000,0.3250127108855419,2.4275432149326797
218.25,64.26,11.218,0.318,0.413,113881,0,6000,0.2981638469970268,2.417520522510244
218.5,60.117,11.145,0.316,0.436,113881,0,6000,0.24476257811074822,2.4109918641007764
218.75,63.58,11.073,0.346,0.445,113881,0,6000,0.289398975444367,2.404510615813188
219.0,66.849,11.024,0.364,0.403,113881,0,6000,0.3315348064820799,2.4000756213826473
219.25,69.81,10.974,0.325,0.414,113881,0,6000,0.36970066628711745,2.395529749881129
219.5,64.547,10.882,0.316,0.416,113881,0,6000,0.3018631383729287,2.387110967012034
219.75,62.835,10.852,0.322,0.381,113881,0,6000,0.2797962852874089,2.384350316285387
220.0,60.065,10.825,0.314,0.367,113881,0,6000,0.24409232322730953,2.381859197675656
220.25,65.331,10.774,0.319,0.421,113881,0,6000,0.3119685196924659,2.377136752418297
220.5,69.35,10.745,0.323,0.412,113881,0,6000,0.3637714884720828,2.3744414607594666
220.75,68.947,10.696,0.332,0.401,113881,0,6000,0.3585770131254331,2.36987077472815
221.0,66.302,10.508,0.328,0.426,113881,0,6000,0.3244842406889845,2.3521378234787216
221.25,73.0,10.323,0.325,0.389,113881,0,6000,0.41081822548268304,2.33437538419363
221.5,65.059,10.2,0.324,0.387,113881,0,6000,0.30846257107140196,2.3223887006819015
221.75,67.334,10.153,0.319,0.419,113881,0,6000,0.33778622222184457,2.317770213249163
222.0,76.587,10.24,0.31,0.409,113881,0,6000,0.45705292292296334,2.326302596173385
222.25,75.872,10.407,0.298,0.402,113881,0,6000,0.44783691827568134,2.342479617546968
222.5,72.052,10.678,0.296,0.429,113881,0,6000,0.3985989633769163,2.3681864865825193
222.75,68.835,11.04,0.296,0.45,113881,0,6000,0.357133387222642,2.4015259466456405
223.0,67.002,11.369,0.299,0.454,113881,0,6000,0.33350690258142823,2.4308912327314185
223.25,63.364,11.358,0.304,0.414,113881,0,6000,0.2866148397746986,2.4299232218915496
223.5,59.964,10.951,0.305,0.442,113881,0,6000,0.2427904820113998,2.393431689451821
223.75,62.863,11.004,0.302,0.396,113881,0,6000,0.2801571917631066,2.398259751822366
224.0,63.081,11.745,0.287,0.42,113881,0,6000,0.2829671064667535,2.463428469536652
224.25,59.751,12.799,0.15,0.297,113881,0,6000,0.240045014892699,2.5493678241843893
224.5,63.273,14.956,0.092,0.248,113881,0,6000,0.28544189372868095,2.705113225742619
224.75,61.186,17.913,0.092,0.247,113881,0,6000,0.258541471772209,2.8855272644865915
225.0,53.931,19.741,0.1,0.235,113881,0,6000,0.16502802601552283,2.9826981978433538
225.25,52.033,20.447,0.11,0.226,113881,0,6000,0.14056372277001078,3.0178366615300987
225.5,60.976,19.861,0.098,0.231,113881,0,6000,0.2558346732044758,2.988758513315848
225.75,54.403,22.817,0.057,0.126,113881,0,6000,0.17111187803442787,3.1275063104330485
226.0,42.787,23.456,-0.022,0.107,113881,0,6000,0.021387248687816458,3.1551267520343003
226.25,44.75,22.867,-0.016,0.104,113881,0,6000,0.04668937053762692,3.1296952605282717
226.5,52.32,19.872,0.078,0.139,113881,0,6000,0.14426301414591278,2.9893122089715534
226.75,60.078,17.044,0.175,0.196,113881,0,6000,0.24425988694816927,2.8357988223542265
227.0,66.59,14.924,0.259,0.445,113881,0,6000,0.3281964215818757,2.7029713254203327
227.25,65.003,12.872,0.294,0.43,113881,0,6000,0.30774075812000645,2.55505518656983
227.5,68.088,10.813,0.293,0.409,113881,0,6000,0.3475049180317054,2.3807500387756977
227.75,64.757,10.249,0.296,0.412,113881,0,6000,0.304569936940662,2.3271811155538966
228.0,58.936,10.398,0.31,0.416,113881,0,6000,0.22954005854649653,2.3416144416844697
228.25,60.836,10.627,0.321,0.38,113881,0,6000,0.254030140825987,2.363398873389457
228.5,52.147,10.841,0.317,0.462,113881,0,6000,0.1420331277067802,2.3833361651028597
228.75,52.306,10.811,0.32,0.516,113881,0,6000,0.14408256090806384,2.3805650592940193
229.0,58.444,10.782,0.32,0.457,113881,0,6000,0.22319841618780745,2.377879004500759
229.25,62.462,10.639,0.321,0.387,113881,0,6000,0.27498849545043524,2.3645274344717513
229.5,63.805,10.546,0.329,0.379,113881,0,6000,0.29229911676693826,2.3557475893346442
229.75,58.104,10.359,0.321,0.405,113881,0,6000,0.2188159804114775,2.3378566724196443
230.0,54.588,10.107,0.322,0.403,113881,0,6000,0.17349643867743092,2.313229242505314
230.25,55.118,10.077,0.328,0.39,113881,0,6000,0.18032788268170985,2.31025659165661
230.5,57.145,10.104,0.318,0.39,113881,0,6000,0.20645493361882947,2.312932374754747
230.75,62.536,9.927,0.31,0.467,113881,0,6000,0.27594231970763644,2.2952593249607594
231.0,61.383,9.862,0.311,0.449,113881,0,6000,0.2610807066190825,2.2886900017945253
231.25,61.167,10.082,0.303,0.415,113881,0,6000,0.2582965709494141,2.3107526475266402
231.5,63.629,10.151,0.294,0.413,113881,0,6000,0.29003056177683806,2.317573207926427
231.75,55.19,10.218,0.311,0.422,113881,0,6000,0.18125592790493258,2.3241518495732283
232.0,61.265,10.405,0.313,0.416,113881,0,6000,0.2595597436143562,2.3422874209215414
232.25,61.674,10.554,0.314,0.403,113881,0,6000,0.26483155606294123,2.356505882491081
232.5,56.909,10.625,0.326,0.48,113881,0,6000,0.20341300760937692,2.3632106559865083
232.75,53.95,10.616,0.328,0.447,113881,0,6000,0.16527292683831782,2.362363239003841
233.0,58.468,10.548,0.321,0.396,113881,0,6000,0.22350776459554839,2.355937216537614
233.25,63.235,10.441,0.315,0.381,113881,0,6000,0.2849520920830911,2.345741321070181
233.5,66.259,10.413,0.316,0.454,113881,0,6000,0.3239299914584486,2.3430559858853366
233.75,63.302,10.326,0.316,0.458,113881,0,6000,0.28581568972136784,2.334665954886196
234.0,65.144,10.261,0.321,0.446,113881,0,6000,0.3095581800154845,2.3283512754434796
234.25,70.095,10.311,0.33,0.414,113881,0,6000,0.373374178629041,2.3332122563733733
234.5,63.711,10.42,0.331,0.399,113881,0,6000,0.2910875021699529,2.3437279960176585
234.75,60.007,10.512,0.315,0.426,113881,0,6000,0.24334473124193562,2.3525184130355616
235.0,64.902,10.504,0.315,0.418,113881,0,6000,0.30643891690409675,2.3517570890183204
235.25,58.576,10.261,0.309,0.353,113881,0,6000,0.22489983243038256,2.3283512754434796
235.5,60.854,9.928,0.294,0.354,113881,0,6000,0.2542621521317927,2.2953600551540148
235.75,66.679,9.588,0.282,0.388,113881,0,6000,0.32934358859391494,2.2605133595419735
236.0,70.95,9.176,0.266,0.374,113881,0,6000,0.38439471565481176,2.2165924696259527
236.25,67.18,9.012,0.263,0.391,113881,0,6000,0.335801236605507,2.1985581322009846
236.5,62.416,8.955,0.274,0.388,113881,0,6000,0.27439557766893174,2.1922131522066355
236.75,62.137,9.016,0.294,0.37,113881,0,6000,0.2707994024289434,2.199001885876168
237.0,59.559,9.042,0.305,0.366,113881,0,6000,0.23757022763077154,2.201881494821813
237.25,60.085,9.173,0.29,0.373,113881,0,6000,0.24435011356709369,2.2162654766828167
237.5,62.739,9.34,0.284,0.421,113881,0,6000,0.2785588916564451,2.2343073229039896
237.75,64.45,9.565,0.294,0.469,113881,0,6000,0.30061285522497583,2.258111648369976
238.0,63.174,9.924,0.292,0.453,113881,0,6000,0.28416583154674957,2.2949570734872493
238.25,55.045,10.376,0.291,0.447,113881,0,6000,0.17938694794149784,2.3394964107762073
238.5,52.586,11.436,0.281,0.445,113881,0,6000,0.1476916256650414,2.4367671488913025
238.75,46.825,12.797,0.281,0.414,113881,0,6000,0.07343511829022843,2.549211549888302
239.0,39.947,14.104,0.292,0.41,113881,0,6000,-0.015218979561527192,2.646459154114036
239.25,39.54,14.334,0.313,0.403,113881,0,6000,-0.020465012976133887,2.6626350352134542
239.5,39.823,14.243,0.307,0.374,113881,0,6000,-0.016817279668188707,2.6562662600514795
239.75,39.92,14.019,0.288,0.37,113881,0,6000,-0.015566996520235755,2.6404142657037846
240.0,42.94,13.954,0.289,0.391,113881,0,6000,0.023359344787164886,2.635766922157178
240.25,38.801,14.101,0.304,0.393,113881,0,6000,-0.029990366031156738,2.6462464260244043
240.5,32.104,14.305,0.32,0.382,113881,0,6000,-0.11631146130786618,2.660609825558103
240.75,36.188,13.949,0.308,0.367,113881,0,6000,-0.06367067392395077,2.63540853800711
241.0,36.967,14.046,0.301,0.392,113881,0,6000,-0.05362974018935972,2.6423383696830367
241.25,34.575,14.356,0.3,0.396,113881,0,6000,-0.08446146482753929,2.66416866985798
241.5,34.79,14.586,0.303,0.374,113881,0,6000,-0.08169021867486015,2.680062850150727
241.75,35.571,15.083,0.309,0.393,113881,0,6000,-0.07162350590629064,2.713568944783973
242.0,35.229,15.182,0.31,0.424,113881,0,6000,-0.07603172071659892,2.720111174269106
242.25,40.622,15.028,0.289,0.434,113881,0,6000,-0.006518555593813498,2.709915793136042
242.5,38.658,14.486,0.28,0.452,113881,0,6000,-0.03183356696061314,2.673183356094586
242.75,33.333,14.205,0.29,0.426,113881,0,6000,-0.1004702449281326,2.653594719283376
243.0,35.86,14.193,0.317,0.381,113881,0,6000,-0.06789843549641023,2.6527495898895492
243.25,37.638,14.292,0.32,0.394,113881,0,6000,-0.04498087428960281,2.659700639853054
243.5,45.456,14.498,0.311,0.412,113881,0,6000,0.05578936953200606,2.6740113986287586
243.75,40.381,14.511,0.305,0.434,113881,0,6000,-0.009624929188212025,2.6749076716411007
244.0,39.542,14.338,0.307,0.466,113881,0,6000,-0.020439233942155445,2.6629140528777797
244.25,34.408,14.165,0.313,0.486,113881,0,6000,-0.08661401416473663,2.6507748392476382
244.5,33.75,14.022,0.306,0.444,113881,0,6000,-0.09509531634363388,2.640628237949548
244.75,40.144,13.932,0.298,0.355,113881,0,6000,-0.01267974471465376,2.6341890702755326
245.0,44.968,13.765,0.296,0.329,113881,0,6000,0.04949928524127377,2.62212986507451
245.25,47.927,13.648,0.291,0.332,113881,0,6000,0.08763936601233288,2.613593723457144
245.5,51.325,13.459,0.282,0.376,113881,0,6000,0.1314379447416533,2.5996487702485536
245.75,47.681,13.247,0.287,0.383,113881,0,6000,0.08446854483298828,2.5837718665897387
246.0,47.466,13.04,0.3,0.397,113881,0,6000,0.08169729868030914,2.5680223233693784
246.25,58.218,13.054,0.3,0.378,113881,0,6000,0.22028538534824701,2.569095366261453
246.5,48.153,13.266,0.291,0.408,113881,0,6000,0.09055239685189331,2.585205124909804
246.75,44.075,13.636,0.284,0.427,113881,0,6000,0.03798894656991322,2.612714087628277
247.0,44.421,13.833,0.276,0.42,113881,0,6000,0.042448719448178296,2.627057764801403
247.25,51.93,13.063,0.251,0.3,113881,0,6000,0.1392361025201226,2.5697845720250703
247.5,62.74,12.218,0.234,0.322,113881,0,6000,0.2785717811734344,2.5029110926918006
247.75,68.876,11.213,0.252,0.359,113881,0,6000,0.35766185741919954,2.417074711300338
248.0,63.491,10.216,0.245,0.384,113881,0,6000,0.2882518084323277,2.3239560975864544
248.25,67.882,9.61,0.221,0.417,113881,0,6000,0.34484967753192924,2.262805263564386
248.5,71.592,9.232,0.22,0.444,113881,0,6000,0.39266978556188165,2.222676792954065
248.75,69.578,8.948,0.253,0.394,113881,0,6000,0.3667102983456218,2.1914311611954305
249.0,74.832,8.545,0.261,0.4,113881,0,6000,0.4344318206069075,2.145347486841884
249.25,73.994,8.085,0.279,0.426,113881,0,6000,0.42363040536995333,2.090011729886685
249.5,67.551,7.379,0.29,0.408,113881,0,6000,0.34058324740850215,1.9986394832724923
249.75,77.859,6.377,0.236,0.363,113881,0,6000,0.4734483885332327,1.852699335467392
250.0,84.62,5.326,0.213,0.394,113881,0,6000,0.5605944128972513,1.6726023649716526
250.25,95.555,4.415,0.219,0.428,113881,0,6000,0.7015412811742138,1.4850100990590207
250.5,106.614,4.023,0.217,0.423,113881,0,6000,0.8440864495578377,1.3920303786717454
250.75,110.386,3.952,0.23,0.37,113881,0,6000,0.8927057076411209,1.3742243102467926
251.0,112.663,4.085,0.231,0.43,113881,0,6000,0.9220551378255418,1.407324176289386
251.25,108.146,4.264,0.234,0.402,113881,0,6000,0.8638331895853005,1.4502100320765532
251.5,103.07,4.358,0.249,0.385,113881,0,6000,0.7984060013480931,1.4720155311503598
251.75,107.9,4.478,0.269,0.521,113881,0,6000,0.860662368405956,1.4991787513138641
252.0,108.492,4.692,0.269,0.546,113881,0,6000,0.8682929624635657,1.5458610620762554
252.25,95.318,4.962,0.265,0.56,113881,0,6000,0.698486465647772,1.6018109005839831
252.5,93.794,5.274,0.292,0.522,113881,0,6000,0.6788428417562228,1.6627909840233435
252.75,93.391,6.293,0.338,0.492,113881,0,6000,0.673648366409573,1.8394394936107514
253.0,90.433,7.148,0.319,0.412,113881,0,6000,0.6355211751555031,1.966833996288928
253.25,83.426,8.512,0.211,0.38,113881,0,6000,0.5452043296121399,2.1414781074106286
253.5,70.688,10.447,0.238,0.396,113881,0,6000,0.3810176622036399,2.3463158130675095
253.75,69.728,12.276,0.25,0.401,113881,0,6000,0.3686437258940025,2.507646951354747
254.0,71.502,13.032,0.261,0.378,113881,0,6000,0.39150972903285314,2.567408638641377
254.25,71.723,12.874,0.266,0.391,113881,0,6000,0.3943583122874676,2.555210550389482
254.5,82.221,11.466,0.262,0.304,113881,0,6000,0.5296724616401473,2.43938700662954
254.75,95.398,10.308,0.231,0.288,113881,0,6000,0.6995176270069084,2.332921262909943
255.0,98.732,9.198,0.193,0.323,113881,0,6000,0.7424912766489197,2.218987156310009
255.25,100.262,8.636,0.194,0.377,113881,0,6000,0.7622122376424042,2.1559406705953825
255.5,101.975,8.373,0.202,0.349,113881,0,6000,0.7842919802449132,2.1250134375366416
255.75,94.347,8.305,0.201,0.368,113881,0,6000,0.6859707446512534,2.1168589471584527
256.0,88.651,8.36,0.213,0.305,113881,0,6000,0.6125520558807387,2.1234596232681437
256.25,89.365,8.547,0.211,0.324,113881,0,6000,0.6217551710110315,2.1455815141843666
256.5,91.703,8.619,0.199,0.351,113881,0,6000,0.6518908617317941,2.1539702288919935
256.75,92.608,8.793,0.203,0.386,113881,0,6000,0.6635558746070251,2.1739570876645
257.0,94.508,8.92,0.212,0.419,113881,0,6000,0.6880459568865155,2.1882970676675226
257.25,96.286,9.013,0.198,0.419,113881,0,6000,0.710963518093323,2.198669089082145
257.5,97.317,9.057,0.197,0.411,113881,0,6000,0.7242526101091938,2.2035390435105633
257.75,91.555,9.018,0.217,0.389,113881,0,6000,0.6499832132173917,2.199223688891602
258.0,90.965,8.941,0.22,0.382,113881,0,6000,0.6423783981937604,2.190648558195683
258.25,107.007,8.785,0.228,0.384,113881,0,6000,0.8491520297345955,2.17304685994234
258.5,110.779,8.63,0.253,0.385,113881,0,6000,0.8977712878178786,2.1552456638432167
258.75,105.889,8.354,0.24,0.419,113881,0,6000,0.8347415497406636,2.122741663105629
259.0,105.05,8.266,0.212,0.476,113881,0,6000,0.8239272449867202,2.112151925863791
259.25,100.66,8.136,0.201,0.474,113881,0,6000,0.7673422654041079,2.096299887850715
259.5,95.34,7.932,0.211,0.445,113881,0,6000,0.6987700350215346,2.0709064713728416
259.75,91.631,7.635,0.204,0.47,113881,0,6000,0.6509628165085712,2.032744248427433
260.0,85.994,7.643,0.221,0.469,113881,0,6000,0.5783046092404197,2.03379150464665
260.25,79.238,7.722,0.292,0.385,113881,0,6000,0.49122303246134713,2.0440746928425013
260.5,75.656,7.999,0.439,0.378,113881,0,6000,0.445052782606013,2.079317784022173
260.75,77.745,8.205,0.509,0.55,113881,0,6000,0.47197898359646334,2.104744943310355
261.0,79.522,8.892,0.48,0.595,113881,0,6000,0.4948836552862816,2.1851531207077053
261.25,83.979,9.14,0.412,0.391,113881,0,6000,0.5523322325071706,2.212661479557364
261.5,91.3,9.081,0.219,0.313,113881,0,6000,0.6466963863851442,2.2061854199073934
261.75,81.926,8.478,0.296,0.319,113881,0,6000,0.5258700541283317,2.137475752453222
262.0,76.725,8.408,0.383,0.367,113881,0,6000,0.45883167626747356,2.129184822917425
262.25,78.38,8.76,0.464,0.426,113881,0,6000,0.48016382688460874,2.1701970465001597
262.5,82.647,8.883,0.251,0.43,113881,0,6000,0.5351633958775489,2.184140463532737
262.75,83.807,8.375,0.25,0.357,113881,0,6000,0.5501152355850272,2.1252522717402678
263.0,85.142,8.178,0.262,0.342,113881,0,6000,0.5673227407656165,2.101448844734562
263.25,84.058,7.869,0.218,0.362,113881,0,6000,0.5533505043493179,2.0629322603615443
263.5,83.901,7.573,0.178,0.375,113881,0,6000,0.5513268501820124,2.024590610611469
263.75,88.604,7.37,0.216,0.383,113881,0,6000,0.6119462485822461,1.9974190630524278
264.0,86.085,7.171,0.206,0.399,113881,0,6000,0.5794775552864373,1.9700465094051132
264.25,85.056,6.811,0.193,0.332,113881,0,6000,0.5662142423045449,1.918540420471288
264.5,83.719,6.322,0.321,0.353,113881,0,6000,0.548980958089977,1.8440371955700934
264.75,82.138,5.717,0.429,0.395,113881,0,6000,0.5286026317300433,1.743445941449449
265.0,85.032,5.227,0.462,0.441,113881,0,6000,0.5659048938968039,1.6538394128722491
265.25,93.039,4.909,0.441,0.575,113881,0,6000,0.6691112564293726,1.5910722921486011
265.5,87.775,4.913,0.363,0.496,113881,0,6000,0.6012608389981948,1.5918867886006822
265.75,76.159,5.549,0.331,0.456,113881,0,6000,0.4515362096515834,1.7136195334686497
266.0,78.746,6.245,0.302,0.425,113881,0,6000,0.48488139010265796,1.8317827448572837
266.25,76.411,7.134,0.281,0.378,113881,0,6000,0.45478436793286314,1.9648734886738726
266.5,69.218,8.258,0.27,0.36,113881,0,6000,0.3620700722295078,2.1111836384101257
266.75,71.679,9.051,0.234,0.369,113881,0,6000,0.3937911735399426,2.202876353694716
267.0,80.807,9.061,0.242,0.384,113881,0,6000,0.5114466846174106,2.2039805928702605
267.25,77.912,8.475,0.224,0.385,113881,0,6000,0.47413153293366067,2.1371218332068205
267.5,80.064,8.048,0.237,0.366,113881,0,6000,0.5018697734944308,2.085424855901343
267.75,77.106,7.818,0.249,0.376,113881,0,6000,0.4637425822403609,2.0564300464694587
268.0,73.278,7.917,0.262,0.365,113881,0,6000,0.4144015112056823,2.06901360929321
268.25,82.03,7.969,0.285,0.345,113881,0,6000,0.527210563895209,2.075560269277416
268.5,83.434,7.384,0.222,0.372,113881,0,6000,0.5453074457480535,1.9993168514791573
268.75,81.348,7.381,0.248,0.42,113881,0,6000,0.5184199133085708,1.9989104856169664
269.0,83.999,7.472,0.25,0.425,113881,0,6000,0.5525900228469546,2.0111640392554104
269.25,77.928,7.55,0.243,0.371,113881,0,6000,0.47433776520548787,2.0215488877633674
269.5,71.61,7.645,0.25,0.365,113881,0,6000,0.3929017968676874,2.0340531474246437
269.75,75.999,7.609,0.24,0.392,113881,0,6000,0.44947388693331036,2.029333071426667
270.0,78.958,7.475,0.227,0.414,113881,0,6000,0.4876139677043696,2.0115654570684973
270.25,82.369,7.235,0.206,0.393,113881,0,6000,0.5315801101545496,1.9789317422524988
270.5,86.629,7.066,0.202,0.388,113881,0,6000,0.5864894525285652,1.9552959641638037
270.75,85.971,6.942,0.232,0.425,113881,0,6000,0.578008150349668,1.9375913579456154
271.0,86.876,6.976,0.224,0.35,113881,0,6000,0.589673163224899,1.9424771200918896
271.25,90.151,6.738,0.225,0.383,113881,0,6000,0.631886331364547,1.9077646291031767
271.5,88.499,7.111,0.229,0.404,113881,0,6000,0.6105928492983794,1.961644287172365
271.75,87.542,7.323,0.221,0.396,113881,0,6000,0.5982575815397099,1.9910214456385629
272.0,88.752,7.372,0.221,0.37,113881,0,6000,0.6138538970966485,1.9976903962906503
272.25,92.959,7.326,0.212,0.396,113881,0,6000,0.6680800950702362,1.9914310293570558
272.5,93.926,7.143,0.198,0.415,113881,0,6000,0.6805442579987979,1.966134256143856
272.75,93.463,6.77,0.16,0.401,113881,0,6000,0.6745764116327957,1.9125025640279671
273.0,91.063,6.441,0.176,0.396,113881,0,6000,0.6436415708587025,1.8626853601174995
273.25,90.727,6.363,0.217,0.411,113881,0,6000,0.6393106931503295,1.8505015358351502
273.5,90.693,6.492,0.229,0.448,113881,0,6000,0.6388724495726964,1.8705721900085213
273.75,92.097,6.762,0.253,0.39,113881,0,6000,0.6569693314255409,1.9113201831370112
274.0,94.248,6.897,0.274,0.36,113881,0,6000,0.6846946824693222,1.931087984353859
274.25,89.297,7.064,0.243,0.388,113881,0,6000,0.6208786838557655,1.9550128789291958
274.5,88.896,7.219,0.223,0.42,113881,0,6000,0.6157099875430941,1.9767178243894763
274.75,91.232,7.562,0.234,0.411,113881,0,6000,0.6458198992298783,2.023137027869348
275.0,88.211,8.011,0.225,0.386,113881,0,6000,0.6068806684054884,2.0808168455158107
275.25,90.362,8.439,0.206,0.415,113881,0,6000,0.6346060194492693,2.1328650031496506
275.5,93.76,8.724,0.244,0.412,113881,0,6000,0.6784045981785899,2.1660789946019077
275.75,92.859,8.848,0.254,0.381,113881,0,6000,0.6667911433713156,2.1801925749782556
276.0,88.406,8.825,0.224,0.351,113881,0,6000,0.6093941242183835,2.177589735963194
276.25,88.441,8.24,0.193,0.404,113881,0,6000,0.6098452573130057,2.109001557512877
276.5,84.049,8.05,0.232,0.442,113881,0,6000,0.5532344986964151,2.085673333665725
276.75,80.095,8.212,0.232,0.363,113881,0,6000,0.5022693485210963,2.1055977168860966
277.0,80.998,8.52,0.239,0.369,113881,0,6000,0.5139085823623489,2.1424175145494555
277.25,85.765,8.991,0.238,0.406,113881,0,6000,0.5753529098498916,2.1962251892253515
277.5,84.365,9.365,0.213,0.431,113881,0,6000,0.5573075860650039,2.236980403701141
277.75,89.568,9.884,0.195,0.338,113881,0,6000,0.6243717429598402,2.2909182998619912
278.0,95.831,10.314,0.174,0.315,113881,0,6000,0.7050987878632345,2.3335031651842404
278.25,90.694,10.584,0.191,0.362,113881,0,6000,0.6388853390896857,2.3593443716345814
278.5,89.114,10.573,0.23,0.397,113881,0,6000,0.618519902246741,2.3583045275552954
278.75,85.775,10.487,0.219,0.368,113881,0,6000,0.5754818050197837,2.350137348413366
279.0,87.808,10.477,0.219,0.349,113881,0,6000,0.6016861930588386,2.349183332842072
279.25,94.066,10.509,0.217,0.37,113881,0,6000,0.6823487903772867,2.3522329844483316
279.5,89.3,10.56,0.209,0.359,113881,0,6000,0.6209173524067332,2.357074225247364
279.75,85.097,10.814,0.219,0.352,113881,0,6000,0.5667427125011023,2.380842515686591
280.0,83.573,10.993,0.247,0.378,113881,0,6000,0.547099088609553,2.3972596162661026
280.25,81.427,11.361,0.247,0.448,113881,0,6000,0.5194381851507182,2.4301873177915874
280.5,82.516,12.593,0.205,0.559,113881,0,6000,0.533474869151963,2.5331418981153497
280.75,78.188,14.939,0.083,0.203,113881,0,6000,0.4776890396226814,2.7039759124488043
281.0,68.385,15.355,0.005,0.132,113881,0,6000,0.3513331045774996,2.731441805146237
281.25,77.506,14.665,0.091,0.15,113881,0,6000,0.4688983890360432,2.6854643843248516
281.5,87.694,13.742,0.197,0.36,113881,0,6000,0.6002167881220691,2.6204575643047336
281.75,92.837,12.217,0.22,0.373,113881,0,6000,0.6665075739975531,2.5028292429531422
282.0,89.939,11.321,0.207,0.383,113881,0,6000,0.6291537537628354,2.4266602914097772
282.25,84.117,10.77,0.211,0.393,113881,0,6000,0.554110985851681,2.376765419672973
282.5,93.877,10.211,0.196,0.405,113881,0,6000,0.6799126716663269,2.3234665499089315
282.75,99.071,10.086,0.203,0.423,113881,0,6000,0.7468608229082604,2.311149315127371
283.0,90.943,9.963,0.204,0.343,113881,0,6000,0.6420948288199978,2.2988792347759563
283.25,94.532,9.918,0.181,0.339,113881,0,6000,0.6883553052942565,2.2943522963342295
283.5,83.159,9.988,0.206,0.361,113881,0,6000,0.5417628285760221,2.301385373618467
283.75,72.977,9.998,0.197,0.393,113881,0,6000,0.4105217665919314,2.3023860731909185
284.0,77.929,10.029,0.2,0.408,113881,0,6000,0.4743506547224771,2.3054818932139596
284.25,87.618,10.078,0.206,0.428,113881,0,6000,0.5992371848308894,2.310355822518283
284.5,93.757,10.067,0.205,0.401,113881,0,6000,0.6783659296276222,2.3092637410913843
284.75,91.11,10.193,0.208,0.393,113881,0,6000,0.6442473781571951,2.3217021912512315
285.0,87.654,10.399,0.218,0.396,113881,0,6000,0.5997012074425008,2.341710609308559
285.25,84.386,10.47,0.195,0.389,113881,0,6000,0.5575782659217772,2.348514979991827
285.5,87.346,10.304,0.171,0.361,113881,0,6000,0.5957312362098256,2.3325331398584215
285.75,91.552,10.048,0.168,0.331,113881,0,6000,0.6499445446664242,2.3073746049482775
286.0,93.89,9.926,0.15,0.343,113881,0,6000,0.6800802353871865,2.2951585846199096
286.25,98.844,9.681,0.164,0.365,113881,0,6000,0.7439349025517107,2.270166234688542
286.5,104.114,9.508,0.21,0.389,113881,0,6000,0.8118626570848239,2.2521346012432923
286.75,108.379,9.218,0.208,0.425,113881,0,6000,0.8668364470437855,2.2211591791317487
287.0,104.487,8.82,0.189,0.444,113881,0,6000,0.8166704469217975,2.1770230038049054
287.25,97.231,8.487,0.171,0.398,113881,0,6000,0.7231441116481221,2.1385367592594977
287.5,91.346,8.416,0.208,0.372,113881,0,6000,0.6472893041666478,2.130135844207576
287.75,89.51,8.316,0.227,0.382,113881,0,6000,0.6236241509744664,2.118182572496246
288.0,99.385,8.325,0.224,0.407,113881,0,6000,0.7509081312428709,2.119264237066987
288.25,101.29,8.492,0.205,0.442,113881,0,6000,0.7754626611073075,2.139125721419214
288.5,94.469,8.88,0.208,0.445,113881,0,6000,0.6875432657239364,2.1838026831295707
288.75,89.392,8.956,0.187,0.462,113881,0,6000,0.6221031879697401,2.192324815305782
289.0,80.456,7.901,0.166,0.409,113881,0,6000,0.5069224641541995,2.0669905994023696
289.25,79.677,7.225,0.15,0.389,113881,0,6000,0.4968815304196085,1.9775486180805828
289.5,86.314,6.914,0.211,0.429,113881,0,6000,0.5824292546769654,1.9335497878391446
289.75,94.444,6.83,0.262,0.4,113881,0,6000,0.6872210277992065,1.9213261377104702
290.0,93.172,6.928,0.325,0.434,113881,0,6000,0.670825562188937,1.9355726146771062
290.25,94.583,7.368,0.312,0.485,113881,0,6000,0.6890126706607059,1.9971476561724972
290.5,93.234,7.923,0.253,0.44,113881,0,6000,0.6716247122422676,2.0697711841304844
290.75,84.359,8.8,0.214,0.36,113881,0,6000,0.5572302489630686,2.1747528578471513
291.0,81.775,9.663,0.227,0.377,113881,0,6000,0.5239237370629617,2.2683051938919334
291.25,75.765,10.371,0.248,0.344,113881,0,6000,0.44645773995783633,2.3390144138343043
291.5,71.437,11.114,0.286,0.284,113881,0,6000,0.3906719104285548,2.4082064746233858
291.75,68.419,11.575,0.272,0.31,113881,0,6000,0.3517713481551325,2.44884846390281
292.0,66.083,12.308,0.237,0.358,113881,0,6000,0.32166143646834844,2.5102502699391533
292.25,65.93,14.438,0.206,0.406,113881,0,6000,0.3196893403690001,2.669864312333435
292.5,66.337,17.256,0.119,0.279,113881,0,6000,0.3249353737836067,2.8481604885952643
292.75,66.681,21.42,0.067,0.232,113881,0,6000,0.3293693676278933,3.064325531872902
293.0,61.979,24.886,0.032,0.183,113881,0,6000,0.26876285874464895,3.2143057981857144
293.25,57.464,25.105,0.009,0.144,113881,0,6000,0.21056668953838598,3.223067427813616
293.5,56.188,21.011,0.037,0.144,113881,0,6000,0.19411966586015977,3.0450465860479725
293.75,66.002,18.675,0.095,0.255,113881,0,6000,0.32061738559222275,2.927186266493972
294.0,79.676,15.719,0.148,0.337,113881,0,6000,0.4968686409026192,2.754870807918683
294.25,76.407,13.082,0.179,0.39,113881,0,6000,0.4547328098649063,2.5712380039478404
294.5,74.268,11.218,0.196,0.414,113881,0,6000,0.42716213302499567,2.417520522510244
294.75,77.72,9.972,0.229,0.394,113881,0,6000,0.47165674567173316,2.2997821684686706
295.0,84.418,9.085,0.236,0.357,113881,0,6000,0.5579907304654319,2.2066258025629937
295.25,92.861,8.497,0.247,0.346,113881,0,6000,0.6668169224052941,2.1397143369066716
295.5,97.379,8.009,0.272,0.36,113881,0,6000,0.7250517601625247,2.080567157936096
295.75,103.892,8.108,0.274,0.34,113881,0,6000,0.8090011843132202,2.092852461938771
296.0,97.942,8.591,0.313,0.356,113881,0,6000,0.7323085582274472,2.1507163076640885
296.25,84.085,8.981,0.384,0.407,113881,0,6000,0.5536985213080262,2.1951123481499453
296.5,73.525,9.588,0.271,0.418,113881,0,6000,0.417585221902016,2.2605133595419735
296.75,75.99,9.946,0.239,0.428,113881,0,6000,0.44935788128040755,2.2971714657213598
297.0,79.325,10.42,0.247,0.434,113881,0,6000,0.49234442043940807,2.3437279960176585
297.25,75.119,11.039,0.189,0.437,113881,0,6000,0.4381311119828096,2.40143536291496
297.5,72.849,11.716,0.169,0.523,113881,0,6000,0.4088719084173131,2.460956282498752
297.75,69.269,13.285,0.141,0.287,113881,0,6000,0.3627274375959573,2.586636331940135
298.0,63.07,14.808,0.027,0.175,113881,0,6000,0.2828253217798722,2.6951682505816112
298.25,59.247,18.728,-0.009,0.11,113881,0,6000,0.23354869833013944,2.9300202641483133
298.5,64.008,19.696,-0.044,0.103,113881,0,6000,0.2949156887157469,2.980416077159272
298.75,74.01,18.558,-0.026,0.128,113881,0,6000,0.4238366376417807,2.9209015017820117
299.0,83.761,15.56,0.099,0.208,113881,0,6000,0.5495223178035237,2.7447041614235608
299.25,90.831,13.221,0.199,0.295,113881,0,6000,0.6406512029172069,2.5818072309001114
299.5,96.845,10.496,0.191,0.331,113881,0,6000,0.7181687580902889,2.350995184945182
299.75,101.617,9.279,0.171,0.36,113881,0,6000,0.7796775331627777,2.2277548600728
300.0,98.156,8.977,0.171,0.37,113881,0,6000,0.7350669148631374,2.1946668647318233
300.25,94.021,8.821,0.187,0.353,113881,0,6000,0.6817687621127725,2.1771363759343028
300.5,101.4,8.878,0.18,0.339,113881,0,6000,0.7768805079761201,2.1835774327910245
300.75,104.298,9.195,0.172,0.35,113881,0,6000,0.8142343282108376,2.2186609456032733
301.0,91.434,9.453,0.162,0.35,113881,0,6000,0.6484235816616978,2.2463332093079154
301.25,96.763,9.553,0.104,0.336,113881,0,6000,0.717111817697174,2.2568562880789074
301.5,95.736,9.108,0.096,0.345,113881,0,6000,0.70387428374926,2.209154246136771
301.75,96.703,8.844,0.167,0.355,113881,0,6000,0.7163384466778218,2.1797403937046465
302.0,99.042,8.321,0.195,0.361,113881,0,6000,0.7464870269155734,2.118783641696203
302.25,92.973,8.189,0.192,0.371,113881,0,6000,0.668260548308085,2.102793011437629
302.5,95.931,8.136,0.198,0.388,113881,0,6000,0.706387739562155,2.096299887850715
302.75,99.828,8.271,0.177,0.367,113881,0,6000,0.756618187269089,2.112756629752685
303.0,102.538,8.516,0.176,0.356,113881,0,6000,0.7915487783098359,2.1419479212907597
303.25,103.573,8.871,0.202,0.352,113881,0,6000,0.8048894283936636,2.1827886568064425
303.5,91.078,9.065,0.208,0.344,113881,0,6000,0.6438349136135406,2.2044219473501663
303.75,92.482,9.213,0.195,0.308,113881,0,6000,0.6619317954663851,2.220616615548978
304.0,97.878,9.103,0.189,0.285,113881,0,6000,0.7314836291401382,2.2086051280614916
304.25,90.991,8.791,0.151,0.316,113881,0,6000,0.6427135256354797,2.1737296083954107
304.5,96.13,7.934,0.169,0.349,113881,0,6000,0.7089527534430069,2.07115858248963
304.75,98.718,7.692,0.188,0.358,113881,0,6000,0.7423108234110709,2.0401821277776904
305.0,89.841,7.443,0.174,0.405,113881,0,6000,0.6278905810978933,2.0072753369211407
305.25,98.471,6.989,0.121,0.303,113881,0,6000,0.7391271127147371,1.944338915313828
305.5,105.98,6.575,0.135,0.314,113881,0,6000,0.8359144957866814,1.883276098975219
305.75,107.321,6.197,0.182,0.337,113881,0,6000,0.8531993380692059,1.8240669176627091
306.0,105.672,5.918,0.185,0.336,113881,0,6000,0.831944524554006,1.7780002437366442
306.25,105.642,5.77,0.174,0.404,113881,0,6000,0.8315578390443298,1.7526738136207594
306.5,107.979,5.636,0.166,0.454,113881,0,6000,0.8616806402481032,1.7291763683428796
306.75,113.126,5.58,0.174,0.39,113881,0,6000,0.9280229841915442,1.719190568506309
307.0,112.966,5.585,0.172,0.395,113881,0,6000,0.925960661473271,1.7200862230298564
307.25,112.999,5.95,0.175,0.372,113881,0,6000,0.9263860155339149,1.783392900228395
307.5,105.123,6.81,0.167,0.396,113881,0,6000,0.8248681797269323,1.918393588589124
307.75,99.858,7.779,0.16,0.433,113881,0,6000,0.7570048727787652,2.0514290807360873
308.0,87.682,9.44,0.116,0.307,113881,0,6000,0.6000621139181986,2.2449570394788823
308.25,73.822,10.765,0.049,0.177,113881,0,6000,0.42141340844781006,2.376301059752263
308.5,76.657,11.643,-0.03,0.172,113881,0,6000,0.4579551891122076,2.454705999939677
308.75,83.855,11.268,0.094,0.235,113881,0,6000,0.5507339324005092,2.421967737482671
309.0,86.504,10.46,0.167,0.349,113881,0,6000,0.5848782629049146,2.3475594146592647
309.25,94.261,9.474,0.162,0.375,113881,0,6000,0.6848622461901818,2.2485522600213743
309.5,102.704,9.031,0.166,0.398,113881,0,6000,0.793688438130044,2.2006642105651366
309.75,101.991,9.111,0.178,0.372,113881,0,6000,0.7844982125167405,2.20948357230548
310.0,92.311,9.472,0.192,0.324,113881,0,6000,0.659727688061231,2.2483411338843355
310.25,92.463,10.537,0.087,0.311,113881,0,6000,0.6616868946435902,2.354893821653668
310.5,102.464,12.501,0.087,0.337,113881,0,6000,0.7905949540526347,2.525809441044111
310.75,98.32,13.266,0.114,0.363,113881,0,6000,0.7371807956493669,2.585205124909804
311.0,96.11,13.95,0.205,0.377,113881,0,6000,0.7086949631032228,2.6354802251129956
311.25,102.062,13.95,0.21,0.323,113881,0,6000,0.785413368222974,2.6354802251129956
311.5,98.046,14.249,0.206,0.305,113881,0,6000,0.7336490679943248,2.656687430617041
311.75,90.042,14.212,0.201,0.326,113881,0,6000,0.6304813740127236,2.654087381789268
312.0,85.651,14.224,0.206,0.346,113881,0,6000,0.5738835049131221,2.654931381808422
312.25,83.819,14.294,0.215,0.34,113881,0,6000,0.5502699097888977,2.6598405683917776
312.5,87.648,14.417,0.214,0.346,113881,0,6000,0.5996238703405656,2.668408759455107
312.75,90.92,14.655,0.211,0.357,113881,0,6000,0.6417983699292461,2.684782256523592
313.0,88.029,14.725,0.219,0.327,113881,0,6000,0.6045347763134529,2.6895474086545677
313.25,85.382,15.223,0.226,0.352,113881,0,6000,0.570416224843026,2.7228080989776435
313.5,80.927,16.621,0.213,0.397,113881,0,6000,0.5129934266561154,2.810667557737309
313.75,71.181,18.18,0.129,0.378,113881,0,6000,0.38737219407931817,2.900322638804187
314.0,64.298,22.31,-0.019,0.229,113881,0,6000,0.29865364864261656,3.1050354566738343
314.25,61.401,23.596,0.03,0.197,113881,0,6000,0.2613127179248882,3.161077629941383
314.5,73.023,23.178,0.072,0.221,113881,0,6000,0.41111468437343474,3.1432039843557167
314.75,79.471,21.924,0.136,0.281,113881,0,6000,0.4942262899198321,3.0875823833049116
315.0,76.266,18.487,0.145,0.352,113881,0,6000,0.4529153879694284,2.917068323290809
315.25,78.976,17.13,0.151,0.313,113881,0,6000,0.4878459790101753,2.84083189610702
315.5,82.933,15.843,0.175,0.327,113881,0,6000,0.5388497977364617,2.762728393586294
315.75,81.162,13.978,0.189,0.323,113881,0,6000,0.5160224631485787,2.6374853804646112
316.0,79.198,13.249,0.189,0.326,113881,0,6000,0.4907074517817788,2.5839228326596464
316.25,84.028,12.966,0.197,0.381,113881,0,6000,0.5529638188396417,2.5623313180003855
316.5,86.244,12.908,0.206,0.392,113881,0,6000,0.5815269884877211,2.5578480489027715
316.75,85.091,12.946,0.198,0.327,113881,0,6000,0.5666653753991671,2.5607876325623837
317.0,93.533,13.009,0.175,0.319,113881,0,6000,0.6754786778220402,2.5656421943177197
317.25,99.173,13.272,0.179,0.311,113881,0,6000,0.7481755536411594,2.5856573063538026
317.5,95.842,13.439,0.173,0.337,113881,0,6000,0.7052405725501157,2.598161671667634
317.75,78.186,13.682,0.095,0.354,113881,0,6000,0.477663260588703,2.6160818312258365
318.0,81.517,13.935,0.065,0.279,113881,0,6000,0.5205982416797464,2.6344043785511637
318.25,86.098,13.843,0.043,0.338,113881,0,6000,0.5796451190072971,2.6277804120921027
318.5,83.764,12.803,0.152,0.331,113881,0,6000,0.5495609863544914,2.5496802995306744
318.75,84.669,12.182,0.165,0.27,113881,0,6000,0.5612259992297223,2.4999602732972264
319.0,80.464,11.899,0.17,0.284,113881,0,6000,0.5070255802901131,2.47645520337942
319.25,70.966,11.667,0.113,0.333,113881,0,6000,0.38460094792663896,2.4567652009597207
319.5,81.215,11.355,0.102,0.405,113881,0,6000,0.5167056075490065,2.4296590562264426
319.75,92.088,11.135,0.184,0.366,113881,0,6000,0.6568533257726381,2.410094198778079
320.0,92.682,11.0,0.189,0.365,113881,0,6000,0.6645096988642263,2.3978961818888664
320.25,88.666,10.827,0.18,0.394,113881,0,6000,0.6127453986355769,2.3820439379452183
320.5,84.399,10.695,0.152,0.329,113881,0,6000,0.5577458296426369,2.3697772775502948
320.75,80.195,10.372,0.096,0.304,113881,0,6000,0.5035583002200168,2.3391108318101606
321.0,85.025,10.206,0.181,0.333,113881,0,6000,0.5658146672778797,2.322976762457094
321.25,86.865,10.084,0.188,0.375,113881,0,6000,0.5895313785380176,2.310951000995154
321.5,87.776,9.834,0.178,0.373,113881,0,6000,0.6012737285151839,2.2858467858694422
321.75,91.046,9.586,0.152,0.366,113881,0,6000,0.6434224490698861,2.260304743924878
322.0,98.114,9.346,0.154,0.37,113881,0,6000,0.7345255551495907,2.2349495142541227
322.25,108.115,8.977,0.16,0.353,113881,0,6000,0.8634336145586351,2.1946668647318233
322.5,108.21,8.46,0.155,0.328,113881,0,6000,0.8646581186726096,2.13535035565053
322.75,100.144,8.156,0.153,0.333,113881,0,6000,0.7606912746376779,2.0987550788026783
323.0,104.848,7.982,0.154,0.346,113881,0,6000,0.8213235625549007,2.0771902594446
323.25,99.837,7.886,0.152,0.409,113881,0,6000,0.7567341929219918,2.065090303524629
323.5,78.189,7.821,0.141,0.309,113881,0,6000,0.47770192913967047,2.0568137022275303
323.75,80.839,7.583,-0.089,0.256,113881,0,6000,0.5118591491610652,2.025910218457214
324.0,93.02,7.147,-0.09,0.284,113881,0,6000,0.6688663556065777,1.9666940874253336
324.25,105.199,6.671,0.114,0.347,113881,0,6000,0.8258477830181118,1.897771272751888
324.5,114.452,6.372,0.15,0.391,113881,0,6000,0.9451144837192306,1.8519149614125467
324.75,121.026,6.261,0.167,0.397,113881,0,6000,1.0298501684062678,1.8343415139508452
325.0,117.386,6.22,0.15,0.331,113881,0,6000,0.9829323265655595,1.8277715144668374
325.25,119.722,6.392,0.142,0.324,113881,0,6000,1.0130422382523436,1.8550487729183192
325.5,106.921,6.994,0.148,0.352,113881,0,6000,0.8480435312735238,1.9450540684371307
325.75,105.396,7.606,0.154,0.384,113881,0,6000,0.8283870178649854,2.0289387242567156
326.0,94.277,9.16,0.153,0.44,113881,0,6000,0.6850684784620091,2.2148472703885
326.25,77.054,12.284,0.099,0.291,113881,0,6000,0.4630723273569223,2.508298416645324
326.5,83.316,14.572,0.013,0.255,113881,0,6000,0.5437864827433273,2.6791025653936797
326.75,93.005,16.872,0.027,0.308,113881,0,6000,0.6686730128517396,2.825656035874259
327.0,104.75,18.009,0.158,0.366,113881,0,6000,0.8200603898899586,2.890872188215578
327.25,99.864,18.406,0.17,0.341,113881,0,6000,0.7570822098807004,2.9126772417176148
327.5,104.568,18.115,0.164,0.32,113881,0,6000,0.8177144977979232,2.8967408763755937
327.75,104.911,17.535,0.153,0.351,113881,0,6000,0.8221356021252206,2.864199453879974
328.0,103.265,16.969,0.143,0.363,113881,0,6000,0.8009194571609883,2.8313887393004333
328.25,95.508,16.765,0.148,0.342,113881,0,6000,0.700935473875721,2.8192939763987774
328.5,91.553,17.032,0.153,0.369,113881,0,6000,0.6499574341834132,2.835094514721114
328.75,94.14,18.389,0.157,0.412,113881,0,6000,0.6833026146344879,2.911753203561929
329.0,84.454,20.498,0.18,0.38,113881,1,6000,0.5584547530770431,3.0203278082617255
329.25,66.359,23.415,0.2,0.334,113881,0,6000,0.3252189431573691,3.153377269712074
329.5,56.486,26.8,0.222,0.349,113881,0,6000,0.19796074192294294,3.2884022606510697
329.75,48.982,31.257,0.26,0.37,113881,0,6000,0.1012378064359447,3.4422436710264415
330.0,44.342,37.079,0.266,0.341,113881,0,6000,0.04143044760603105,3.613051041312103
330.25,43.067,42.762,0.275,0.357,113881,0,6000,0.02499631344479402,3.755650091600247
330.5,44.907,48.119,0.279,0.354,113881,0,6000,0.04871302470493214,3.8736773173287546
330.75,46.934,46.388,0.277,0.354,113881,0,6000,0.07484007564205176,3.8370410206674266
331.0,48.649,43.807,0.269,0.379,113881,0,6000,0.09694559727853928,3.77979385023856
331.25,47.932,41.439,0.267,0.427,113881,0,6000,0.08770381359727894,3.724222707704468
331.5,48.714,39.205,0.26,0.371,113881,0,6000,0.09778341588283761,3.6688045447523594
331.75,48.808,37.089,0.256,0.342,113881,0,6000,0.09899503047982294,3.6133206993145843
332.0,50.398,33.411,0.268,0.34,113881,0,6000,0.11948936249265978,3.508885486381653
332.25,59.964,29.416,0.275,0.36,113881,0,6000,0.2427904820113998,3.38153908394996
332.5,62.364,25.906,0.258,0.369,113881,0,6000,0.27372532278549305,3.2544749881189525
332.75,63.953,23.29,0.257,0.372,113881,0,6000,0.2942067652813407,3.148024513264985
333.0,73.081,18.211,0.242,0.301,113881,0,6000,0.41186227635880873,2.9020263562321964
333.25,83.705,12.645,0.21,0.308,113881,0,6000,0.5488005048521282,2.5372626709480293
333.5,101.055,10.866,0.162,0.361,113881,0,6000,0.7724336246148442,2.3856395684307667
333.75,93.552,9.496,0.127,0.327,113881,0,6000,0.6757235786448351,2.2508717103817912
334.0,86.294,8.489,0.139,0.38,113881,0,6000,0.5821714643371813,2.1387723857501895
334.25,96.481,7.406,0.152,0.378,113881,0,6000,0.713476973906218,2.002291832747058
334.5,107.914,6.522,0.168,0.353,113881,0,6000,0.8608428216438049,1.8751826106379543
334.75,111.748,6.031,0.157,0.326,113881,0,6000,0.9102612297804189,1.7969144925672926
335.0,121.623,5.599,0.15,0.319,113881,0,6000,1.0375452100488234,1.7225897963983814
335.25,122.217,5.247,0.153,0.333,113881,0,6000,1.0452015831404116,1.657658390553721
335.5,114.711,5.313,0.147,0.361,113881,0,6000,0.9484528686194348,1.67015852964283
335.75,127.64,5.746,0.135,0.392,113881,0,6000,1.115101433772873,1.7485057008966902
336.0,134.525,6.454,0.113,0.267,113881,0,6000,1.203845758243553,1.8647016430552816
336.25,118.922,7.127,0.103,0.31,113881,0,6000,1.0027306246609793,1.9638917916336642
336.5,121.135,7.423,0.141,0.344,113881,0,6000,1.031255125758091,2.0045846352987216
336.75,119.86,6.983,0.131,0.313,113881,0,6000,1.014820991596854,1.9434800559121352
337.0,119.829,6.047,0.139,0.298,113881,0,6000,1.0144214165701886,1.7995639350022932
337.25,117.247,5.839,0.156,0.356,113881,0,6000,0.98114068370406,1.7645612619219584
337.5,115.411,5.868,0.159,0.372,113881,0,6000,0.9574755305118787,1.769515564437429
337.75,112.889,6.24,0.147,0.378,113881,0,6000,0.9249681686651023,1.8309817849441548
338.0,110.492,7.035,0.161,0.472,113881,0,6000,0.8940719964419768,1.95089911202945
338.25,107.286,8.299,0.19,0.399,113881,0,6000,0.8527482049745838,2.116136230580038
338.5,92.99,10.595,0.202,0.404,113881,0,6000,0.6684796700969015,2.3603831355612517
338.75,91.469,13.152,0.204,0.396,113881,0,6000,0.6488747147563199,2.5765745986541675
339.0,91.313,13.094,0.199,0.402,113881,0,6000,0.646863950106004,2.5721548737271767
339.25,89.858,12.985,0.155,0.387,113881,0,6000,0.6281097028867099,2.5637956152337837
339.5,88.271,12.851,0.153,0.402,113881,0,6000,0.6076540394248406,2.5534224074742617
339.75,87.671,12.721,0.295,0.049,113881,0,6000,0.5999203292313174,2.5432549572754866
340.0,87.206,12.357,0.293,0.035,113881,0,6000,0.5939267038313368,2.5142235133796365
