DEPT,GR,ILD,DPHI,SitID,Pick,Formation
225.0,47.892,18.961,0.324,123620,0,14000
225.25,47.264,18.986,0.32,123620,0,14000
225.5,48.563,19.023,0.32,123620,0,14000
225.75,49.847,19.047,0.323,123620,0,14000
226.0,50.5,19.066,0.323,123620,0,14000
226.25,49.238,19.084,0.318,123620,0,14000
226.5,47.337,19.121,0.303,123620,0,14000
226.75,44.797,19.14,0.305,123620,0,14000
227.0,43.535,18.801,0.315,123620,0,14000
227.25,43.553,18.485,0.321,123620,0,14000
227.5,44.202,18.503,0.314,123620,0,14000
227.75,47.412,17.836,0.315,123620,0,14000
228.0,53.169,16.888,0.325,123620,0,14000
228.25,54.464,16.588,0.331,123620,0,14000
228.5,51.286,15.99,0.333,123620,0,14000
228.75,54.49,15.135,0.324,123620,0,14000
229.0,62.169,15.15,0.315,123620,0,14000
229.25,64.099,14.891,0.32,123620,0,14000
229.5,62.202,14.915,0.324,123620,0,14000
229.75,59.02,15.209,0.324,123620,0,14000
230.0,55.204,16.115,0.317,123620,0,14000
230.25,48.834,17.731,0.314,123620,0,14000
230.5,44.375,21.051,0.313,123620,0,14000
230.75,34.813,22.298,0.312,123620,0,14000
231.0,23.973,25.001,0.31,123620,0,14000
231.25,16.968,26.994,0.302,123620,0,14000
231.5,14.429,27.553,0.288,123620,0,14000
231.75,15.078,27.082,0.3,123620,0,14000
232.0,22.116,25.131,0.321,123620,0,14000
232.25,47.034,20.456,0.325,123620,0,14000
232.5,61.733,17.286,0.298,123620,0,14000
232.75,69.409,16.046,0.307,123620,0,14000
233.0,69.427,15.767,0.321,123620,0,14000
233.25,64.33,15.787,0.332,123620,0,14000
233.5,38.806,16.727,0.329,123620,0,14000
233.75,24.774,18.767,0.299,123620,0,14000
234.0,20.319,19.501,0.28,123620,0,14000
234.25,28.634,20.67,0.279,123620,0,14000
234.5,25.459,21.09,0.288,123620,0,14000
234.75,22.916,20.723,0.303,123620,0,14000
235.0,18.469,19.609,0.313,123620,0,14000
235.25,17.203,18.202,0.324,123620,0,14000
235.5,16.579,15.674,0.328,123620,0,14000
235.75,19.143,13.492,0.324,123620,0,14000
236.0,45.335,10.573,0.306,123620,0,14000
236.25,53.649,8.934,0.271,123620,0,14000
236.5,63.879,7.693,0.254,123620,0,14000
236.75,109.228,5.387,0.244,123620,0,14000
237.0,115.627,5.098,0.237,123620,0,14000
237.25,115.649,4.732,0.236,123620,0,14000
237.5,111.825,4.233,0.239,123620,0,14000
237.75,107.371,4.079,0.241,123620,0,14000
238.0,116.962,4.006,0.241,123620,0,14000
238.25,120.169,3.792,0.241,123620,0,14000
238.5,122.102,3.725,0.24,123620,0,14000
238.75,122.113,3.732,0.238,123620,0,14000
239.0,120.212,3.736,0.235,123620,0,14000
239.25,114.484,3.739,0.225,123620,0,14000
239.5,111.302,3.748,0.204,123620,0,14000
239.75,108.763,3.822,0.184,123620,0,14000
240.0,108.777,3.829,0.198,123620,0,14000
240.25,110.707,3.906,0.211,123620,0,14000
240.5,113.914,3.91,0.222,123620,0,14000
240.75,117.766,3.992,0.229,123620,0,14000
241.0,119.051,4.072,0.234,123620,0,14000
241.25,120.98,4.076,0.238,123620,0,14000
241.5,124.191,4.082,0.242,123620,0,14000
241.75,124.844,4.086,0.244,123620,0,14000
242.0,121.024,3.943,0.248,123620,0,14000
242.25,114.015,3.873,0.253,123620,0,14000
242.5,111.479,3.878,0.255,123620,0,14000
242.75,108.301,3.958,0.259,123620,0,14000
243.0,108.316,4.037,0.259,123620,0,14000
243.25,108.965,4.199,0.258,123620,0,14000
243.5,110.256,4.363,0.255,123620,0,14000
243.75,111.548,4.804,0.253,123620,0,14000
244.0,110.931,4.994,0.249,123620,0,14000
244.25,109.03,5.094,0.248,123620,0,14000
244.5,105.852,5.4,0.245,123620,0,14000
244.75,103.313,5.615,0.245,123620,0,14000
245.0,102.047,5.619,0.254,123620,0,14000
245.25,98.869,5.846,0.274,123620,0,14000
245.5,95.052,5.961,0.278,123620,0,14000
245.75,94.428,6.437,0.264,123620,0,14000
246.0,97.635,6.95,0.254,123620,0,14000
246.25,102.119,7.226,0.257,123620,0,14000
246.5,101.495,7.24,0.264,123620,0,14000
246.75,96.401,7.11,0.266,123620,0,14000
247.0,91.947,6.602,0.271,123620,0,14000
247.25,88.13,6.487,0.275,123620,0,14000
247.5,84.317,6.619,0.275,123620,0,14000
247.75,84.328,6.506,0.273,123620,0,14000
248.0,89.451,5.928,0.255,123620,0,14000
248.25,100.957,5.402,0.243,123620,0,14000
248.5,104.164,5.014,0.242,123620,0,14000
248.75,104.182,4.572,0.244,123620,0,14000
249.0,103.558,4.325,0.247,123620,0,14000
249.25,105.484,4.248,0.249,123620,0,14000
249.5,108.691,4.174,0.252,123620,0,14000
249.75,110.621,4.101,0.259,123620,0,14000
250.0,105.528,4.107,0.263,123620,0,14000
250.25,101.715,4.112,0.269,123620,0,14000
250.5,96.618,4.277,0.272,123620,0,14000
250.75,87.694,4.618,0.277,123620,0,14000
251.0,85.154,5.377,0.272,123620,0,14000
251.25,86.446,6.263,0.26,123620,0,14000
251.5,93.483,6.762,0.232,123620,0,14000
251.75,97.967,7.029,0.205,123620,0,14000
252.0,97.343,7.04,0.159,123620,0,14000
252.25,90.976,6.915,0.19,123620,0,14000
252.5,89.076,6.301,0.223,123620,0,14000
252.75,90.363,5.634,0.244,123620,0,14000
253.0,92.935,5.136,0.269,123620,0,14000
253.25,94.869,4.858,0.28,123620,0,14000
253.5,96.153,4.345,0.278,123620,0,14000
253.75,98.083,4.189,0.273,123620,0,14000
254.0,100.012,4.114,0.269,123620,0,14000
254.25,100.03,4.045,0.267,123620,0,14000
254.5,95.579,3.974,0.265,123620,0,14000
254.75,94.313,3.978,0.262,123620,0,14000
255.0,95.605,4.137,0.259,123620,0,14000
255.25,102.642,4.385,0.254,123620,0,14000
255.5,106.494,4.558,0.246,123620,0,14000
255.75,104.586,4.742,0.245,123620,0,14000
256.0,101.408,4.837,0.247,123620,0,14000
256.25,95.677,4.842,0.247,123620,0,14000
256.5,90.583,4.944,0.242,123620,0,14000
256.75,86.767,5.041,0.233,123620,0,14000
257.0,82.316,5.447,0.227,123620,0,14000
257.25,79.138,5.556,0.231,123620,0,14000
257.5,79.791,5.779,0.234,123620,0,14000
257.75,83.632,5.782,0.242,123620,0,14000
258.0,88.116,5.79,0.248,123620,0,14000
258.25,91.326,5.689,0.251,123620,0,14000
258.5,91.341,5.284,0.256,123620,0,14000
258.75,90.717,4.815,0.267,123620,0,14000
259.0,93.282,4.388,0.274,123620,0,14000
259.25,97.765,4.31,0.282,123620,0,14000
259.5,97.141,4.16,0.284,123620,0,14000
259.75,91.413,4.162,0.289,123620,0,14000
260.0,93.343,4.166,0.297,123620,0,14000
260.25,95.269,4.094,0.29,123620,0,14000
260.5,99.756,4.099,0.279,123620,0,14000
260.75,101.683,4.028,0.282,123620,0,14000
261.0,101.059,4.034,0.287,123620,0,14000
261.25,96.604,4.117,0.284,123620,0,14000
261.5,90.234,4.122,0.27,123620,0,14000
261.75,80.036,4.204,0.254,123620,0,14000
262.0,77.493,4.716,0.229,123620,0,14000
262.25,76.238,5.092,0.202,123620,0,14000
262.5,78.16,5.498,0.222,123620,0,14000
262.75,83.283,5.609,0.251,123620,0,14000
263.0,88.405,5.615,0.271,123620,0,14000
263.25,89.696,5.414,0.295,123620,0,14000
263.5,89.714,5.123,0.315,123620,0,14000
263.75,89.09,4.848,0.313,123620,0,14000
264.0,89.743,4.763,0.301,123620,0,14000
264.25,91.673,4.769,0.289,123620,0,14000
264.5,95.518,4.599,0.272,123620,0,14000
264.75,101.917,5.158,0.255,123620,0,14000
265.0,107.043,5.465,0.247,123620,0,14000
265.25,107.696,5.471,0.247,123620,0,14000
265.5,108.987,5.478,0.257,123620,0,14000
265.75,110.913,5.593,0.266,123620,0,14000
266.0,111.566,5.596,0.272,123620,0,14000
266.25,108.392,5.607,0.282,123620,0,14000
266.5,110.322,5.613,0.283,123620,0,14000
266.75,112.887,5.618,0.243,123620,0,14000
267.0,112.27,5.629,0.239,123620,0,14000
267.25,111.0,5.635,0.243,123620,0,14000
267.5,110.376,5.536,0.253,123620,0,14000
267.75,111.033,5.438,0.263,123620,0,14000
268.0,111.682,5.344,0.276,123620,0,14000
268.25,112.335,5.154,0.278,123620,0,14000
268.5,110.434,5.065,0.268,123620,0,14000
268.75,102.152,5.069,0.26,123620,0,14000
269.0,102.805,5.076,0.242,123620,0,14000
269.25,104.734,5.083,0.245,123620,0,14000
269.5,104.749,5.089,0.257,123620,0,14000
269.75,100.29,5.096,0.273,123620,0,14000
270.0,97.751,5.106,0.284,123620,0,14000
270.25,97.766,5.111,0.285,123620,0,14000
270.5,92.034,5.119,0.299,123620,0,14000
270.75,88.856,5.223,0.317,123620,0,14000
271.0,85.04,5.534,0.333,123620,0,14000
271.25,74.2,6.089,0.332,123620,0,14000
271.5,65.28,6.575,0.319,123620,0,14000
271.75,70.398,7.097,0.319,123620,0,14000
272.0,66.582,7.665,0.326,123620,0,14000
272.25,55.104,7.97,0.329,123620,0,14000
272.5,49.376,7.98,0.324,123620,0,14000
272.75,48.752,7.841,0.319,123620,0,14000
273.0,52.593,7.561,0.307,123620,0,14000
273.25,65.377,7.293,0.297,123620,0,14000
273.5,73.692,7.028,0.302,123620,0,14000
273.75,82.006,6.654,0.314,123620,0,14000
274.0,87.77,6.414,0.307,123620,0,14000
274.25,92.257,6.071,0.294,123620,0,14000
274.5,92.275,5.963,0.276,123620,0,14000
274.75,92.29,5.748,0.268,123620,0,14000
275.0,92.308,5.545,0.273,123620,0,14000
275.25,92.315,5.346,0.276,123620,0,14000
275.5,92.326,5.157,0.28,123620,0,14000
275.75,93.621,5.065,0.285,123620,0,14000
276.0,94.912,4.886,0.286,123620,0,14000
276.25,96.842,4.71,0.288,123620,0,14000
276.5,98.134,4.626,0.291,123620,0,14000
276.75,98.787,4.377,0.296,123620,0,14000
277.0,99.436,4.222,0.286,123620,0,14000
277.25,100.092,4.073,0.272,123620,0,14000
277.5,101.38,4.075,0.262,123620,0,14000
277.75,103.31,4.08,0.269,123620,0,14000
278.0,105.878,4.087,0.285,123620,0,14000
278.25,102.065,4.25,0.255,123620,0,14000
278.5,98.246,4.419,0.237,123620,0,14000
278.75,93.156,4.594,0.245,123620,0,14000
279.0,91.255,4.777,0.253,123620,0,14000
279.25,90.631,4.783,0.26,123620,0,14000
279.5,90.645,4.612,0.263,123620,0,14000
279.75,92.575,4.363,0.274,123620,0,14000
280.0,93.228,4.051,0.284,123620,0,14000
280.25,93.881,3.835,0.285,123620,0,14000
280.5,93.892,3.628,0.279,123620,0,14000
280.75,93.268,3.633,0.276,123620,0,14000
281.0,92.647,3.923,0.274,123620,0,14000
281.25,92.662,4.237,0.276,123620,0,14000
281.5,92.041,4.403,0.277,123620,0,14000
281.75,91.414,4.938,0.275,123620,0,14000
282.0,90.793,5.332,0.266,123620,0,14000
282.25,90.8,5.34,0.256,123620,0,14000
282.5,92.73,5.246,0.253,123620,0,14000
282.75,94.66,5.156,0.26,123620,0,14000
283.0,98.509,5.159,0.263,123620,0,14000
283.25,98.527,4.975,0.267,123620,0,14000
283.5,94.707,4.89,0.271,123620,0,14000
283.75,95.998,4.806,0.273,123620,0,14000
284.0,100.486,4.809,0.27,123620,0,14000
284.25,101.777,4.727,0.263,123620,0,14000
284.5,99.872,4.735,0.261,123620,0,14000
284.75,97.972,4.738,0.262,123620,0,14000
285.0,98.624,4.836,0.263,123620,0,14000
285.25,103.108,4.844,0.263,123620,0,14000
285.5,108.869,4.849,0.264,123620,0,14000
285.75,105.056,4.856,0.264,123620,0,14000
286.0,102.513,4.86,0.267,123620,0,14000
286.25,101.25,4.866,0.269,123620,0,14000
286.5,98.711,4.872,0.269,123620,0,14000
286.75,95.537,4.878,0.267,123620,0,14000
287.0,94.92,4.797,0.263,123620,0,14000
287.25,94.931,4.801,0.258,123620,0,14000
287.5,95.576,4.808,0.248,123620,0,14000
287.75,95.591,4.724,0.236,123620,0,14000
288.0,91.778,4.728,0.189,123620,0,14000
288.25,89.235,4.649,0.13,123620,0,14000
288.5,92.442,4.654,0.136,123620,0,14000
288.75,99.479,4.403,0.174,123620,0,14000
289.0,107.794,4.246,0.227,123620,0,14000
289.25,109.724,4.093,0.261,123620,0,14000
289.5,110.38,3.875,0.275,123620,0,14000
289.75,110.395,3.807,0.265,123620,0,14000
290.0,110.405,3.81,0.26,123620,0,14000
290.25,110.42,3.818,0.256,123620,0,14000
290.5,109.796,3.821,0.251,123620,0,14000
290.75,109.172,3.825,0.242,123620,0,14000
291.0,108.551,3.981,0.211,123620,0,14000
291.25,103.454,4.061,0.151,123620,0,14000
291.5,98.368,4.142,0.093,123620,0,14000
291.75,100.295,4.146,0.116,123620,0,14000
292.0,108.613,4.154,0.174,123620,0,14000
292.25,110.539,4.158,0.209,123620,0,14000
292.5,108.003,4.166,0.241,123620,0,14000
292.75,105.46,4.092,0.265,123620,0,14000
293.0,104.198,4.096,0.262,123620,0,14000
293.25,105.489,4.028,0.256,123620,0,14000
293.5,107.419,3.956,0.246,123620,0,14000
293.75,109.349,3.961,0.241,123620,0,14000
294.0,111.917,3.893,0.239,123620,0,14000
294.25,113.847,3.899,0.242,123620,0,14000
294.5,114.5,3.903,0.247,123620,0,14000
294.75,113.237,3.906,0.25,123620,0,14000
295.0,111.34,3.913,0.255,123620,0,14000
295.25,110.716,3.918,0.263,123620,0,14000
295.5,112.642,3.924,0.273,123620,0,14000
295.75,110.741,3.928,0.273,123620,0,14000
296.0,108.202,3.934,0.268,123620,0,14000
296.25,106.939,4.012,0.263,123620,0,14000
296.5,107.592,4.018,0.263,123620,0,14000
296.75,107.606,4.101,0.264,123620,0,14000
297.0,105.071,4.182,0.265,123620,0,14000
297.25,102.528,4.189,0.266,123620,0,14000
297.5,98.076,4.273,0.256,123620,0,14000
297.75,95.533,4.278,0.233,123620,0,14000
298.0,108.956,4.284,0.199,123620,0,14000
298.25,107.693,4.211,0.15,123620,0,14000
298.5,100.684,3.984,0.175,123620,0,14000
298.75,96.868,3.914,0.2,123620,0,14000
299.0,110.29,3.704,0.221,123620,0,14000
299.25,115.412,3.639,0.252,123620,0,14000
299.5,116.065,3.646,0.274,123620,0,14000
299.75,116.725,3.719,0.266,123620,0,14000
300.0,116.74,3.867,0.261,123620,0,14000
300.25,112.281,3.946,0.258,123620,0,14000
300.5,106.546,4.025,0.263,123620,0,14000
300.75,102.733,4.186,0.266,123620,0,14000
301.0,104.025,4.19,0.263,123620,0,14000
301.25,109.147,4.12,0.256,123620,0,14000
301.5,116.184,4.047,0.246,123620,0,14000
301.75,117.483,3.901,0.248,123620,0,14000
302.0,115.575,3.761,0.249,123620,0,14000
302.25,109.843,3.696,0.254,123620,0,14000
302.5,103.473,3.772,0.266,123620,0,14000
302.75,98.379,3.922,0.283,123620,0,14000
303.0,93.925,4.077,0.291,123620,0,14000
303.25,90.747,4.32,0.282,123620,0,14000
303.5,93.315,4.493,0.213,123620,0,14000
303.75,97.16,4.585,0.177,123620,0,14000
304.0,99.729,4.591,0.125,123620,0,14000
304.25,93.997,4.596,0.109,123620,0,14000
304.5,84.434,4.515,0.067,123620,0,14000
304.75,78.703,4.356,0.15,123620,0,14000
305.0,79.356,4.359,0.175,123620,0,14000
305.25,95.332,4.366,0.199,123620,0,14000
305.5,105.561,4.454,0.219,123620,0,14000
305.75,117.068,4.544,0.228,123620,0,14000
306.0,127.937,4.553,0.231,123620,0,14000
306.25,130.508,4.472,0.231,123620,0,14000
306.5,128.607,4.393,0.223,123620,0,14000
306.75,127.98,4.082,0.214,123620,0,14000
307.0,126.079,3.935,0.186,123620,0,14000
307.25,124.185,3.793,0.177,123620,0,14000
307.5,122.915,3.658,0.19,123620,0,14000
307.75,118.461,3.463,0.214,123620,0,14000
308.0,119.752,3.401,0.237,123620,0,14000
308.25,119.128,3.279,0.256,123620,0,14000
308.5,116.592,2.99,0.28,123620,0,14000
308.75,115.333,2.937,0.296,123620,0,14000
309.0,114.702,2.831,0.294,123620,0,14000
309.25,114.078,2.781,0.291,123620,0,14000
309.5,113.461,2.839,0.297,123620,0,14000
309.75,112.199,3.064,0.305,123620,0,14000
310.0,104.544,3.705,0.314,123620,0,14000
310.25,88.597,4.315,0.331,123620,0,14000
310.5,80.311,5.12,0.346,123620,0,14000
310.75,73.941,6.074,0.322,123620,0,14000
311.0,68.848,6.684,0.283,123620,0,14000
311.25,68.224,7.219,0.29,123620,0,14000
311.5,67.6,7.226,0.274,123620,0,14000
311.75,64.426,7.24,0.227,123620,0,14000
312.0,65.079,6.979,0.19,123620,0,14000
312.25,68.282,6.855,0.249,123620,0,14000
312.5,76.6,6.489,0.292,123620,0,14000
312.75,81.722,6.376,0.311,123620,0,14000
313.0,77.271,6.263,0.299,123620,0,14000
313.25,74.093,6.273,0.28,123620,0,14000
313.5,75.391,6.279,0.247,123620,0,14000
313.75,76.676,6.287,0.254,123620,0,14000
314.0,80.521,6.299,0.249,123620,0,14000
314.25,83.728,6.303,0.24,123620,0,14000
314.5,89.484,6.314,0.248,123620,0,14000
314.75,95.245,6.322,0.253,123620,0,14000
315.0,98.452,5.872,0.258,123620,0,14000
315.25,96.555,5.66,0.27,123620,0,14000
315.5,95.288,5.357,0.281,123620,0,14000
315.75,100.414,5.164,0.274,123620,0,14000
316.0,107.448,5.073,0.273,123620,0,14000
316.25,116.401,5.079,0.274,123620,0,14000
316.5,114.5,5.088,0.281,123620,0,14000
316.75,111.322,5.096,0.285,123620,0,14000
317.0,105.59,5.196,0.292,123620,0,14000
317.25,97.305,5.403,0.315,123620,0,14000
317.5,85.827,5.834,0.33,123620,0,14000
317.75,75.626,6.543,0.32,123620,0,14000
318.0,71.81,7.065,0.262,123620,0,14000
318.25,66.72,7.63,0.213,123620,0,14000
318.5,65.457,7.786,0.223,123620,0,14000
318.75,65.472,7.793,0.245,123620,0,14000
319.0,68.04,7.374,0.278,123620,0,14000
319.25,71.243,6.719,0.295,123620,0,14000
319.5,87.219,5.784,0.292,123620,0,14000
319.75,94.257,4.888,0.286,123620,0,14000
320.0,101.298,4.371,0.274,123620,0,14000
320.25,103.87,3.983,0.264,123620,0,14000
320.5,105.161,3.768,0.256,123620,0,14000
320.75,106.453,3.703,0.249,123620,0,14000
321.0,107.744,3.851,0.248,123620,0,14000
321.25,108.401,3.928,0.248,123620,0,14000
321.5,109.688,4.087,0.249,123620,0,14000
321.75,110.338,4.247,0.252,123620,0,14000
322.0,108.44,4.502,0.255,123620,0,14000
322.25,103.982,4.682,0.262,123620,0,14000
322.5,100.165,4.774,0.269,123620,0,14000
322.75,103.372,4.782,0.275,123620,0,14000
323.0,105.302,4.788,0.278,123620,0,14000
323.25,101.489,4.705,0.274,123620,0,14000
323.5,98.95,4.892,0.271,123620,0,14000
323.75,97.684,5.184,0.273,123620,0,14000
324.0,94.506,5.707,0.274,123620,0,14000
324.25,90.69,5.932,0.27,123620,0,14000
324.5,89.427,6.168,0.264,123620,0,14000
324.75,93.276,6.411,0.26,123620,0,14000
325.0,95.841,6.669,0.257,123620,0,14000
325.25,97.132,6.675,0.26,123620,0,14000
325.5,97.788,6.813,0.262,123620,0,14000
325.75,97.799,6.95,0.27,123620,0,14000
326.0,95.26,7.091,0.274,123620,0,14000
326.25,89.528,7.238,0.27,123620,0,14000
326.5,83.158,7.528,0.261,123620,0,14000
326.75,82.534,7.533,0.253,123620,0,14000
327.0,87.656,7.548,0.261,123620,0,14000
327.25,91.501,7.552,0.267,123620,0,14000
327.5,92.158,7.711,0.261,123620,0,14000
327.75,88.338,8.015,0.253,123620,0,14000
328.0,81.329,8.496,0.262,123620,0,14000
328.25,85.813,8.663,0.28,123620,0,14000
328.5,89.662,8.356,0.292,123620,0,14000
328.75,88.399,7.756,0.268,123620,0,14000
329.0,90.333,6.681,0.263,123620,0,14000
329.25,90.978,5.863,0.298,123620,0,14000
329.5,89.077,5.547,0.317,123620,0,14000
329.75,80.792,6.104,0.337,123620,0,14000
330.0,76.975,6.841,0.319,123620,0,14000
330.25,73.801,7.817,0.294,123620,0,14000
330.5,78.281,7.683,0.282,123620,0,14000
330.75,88.515,6.999,0.267,123620,0,14000
331.0,95.552,6.258,0.267,123620,0,14000
331.25,101.313,5.29,0.268,123620,0,14000
331.5,107.712,4.82,0.272,123620,0,14000
331.75,110.919,4.391,0.277,123620,0,14000
332.0,114.767,4.079,0.283,123620,0,14000
332.25,114.782,4.008,0.289,123620,0,14000
332.5,111.6,4.327,0.292,123620,0,14000
332.75,103.315,4.759,0.295,123620,0,14000
333.0,95.029,5.438,0.286,123620,0,14000
333.25,88.02,6.7,0.259,123620,0,14000
333.5,82.927,8.572,0.239,123620,0,14000
333.75,78.472,10.174,0.278,123620,0,14000
334.0,78.49,9.63,0.303,123620,0,14000
334.25,81.694,9.112,0.27,123620,0,14000
334.5,86.816,8.459,0.254,123620,0,14000
334.75,90.661,7.852,0.244,123620,0,14000
335.0,95.145,6.637,0.269,123620,0,14000
335.25,100.909,5.937,0.281,123620,0,14000
335.5,102.2,5.721,0.269,123620,0,14000
335.75,102.215,5.413,0.263,123620,0,14000
336.0,101.591,5.42,0.265,123620,0,14000
336.25,100.332,5.429,0.27,123620,0,14000
336.5,99.701,5.539,0.276,123620,0,14000
336.75,99.076,5.65,0.278,123620,0,14000
337.0,97.175,6.103,0.278,123620,0,14000
337.25,95.275,6.343,0.278,123620,0,14000
337.5,92.742,6.854,0.188,123620,0,14000
337.75,91.476,6.991,0.158,123620,0,14000
338.0,88.94,7.133,0.112,123620,0,14000
338.25,87.036,7.278,0.157,123620,0,14000
338.5,90.239,7.288,0.178,123620,0,14000
338.75,95.361,7.297,0.199,123620,0,14000
339.0,100.494,7.17,0.22,123620,0,14000
339.25,101.778,7.045,0.235,123620,0,14000
339.5,103.708,6.796,0.249,123620,0,14000
339.75,103.723,6.675,0.239,123620,0,14000
340.0,102.464,6.318,0.235,123620,0,14000
340.25,101.836,5.867,0.24,123620,0,14000
340.5,99.939,5.761,0.245,123620,0,14000
340.75,100.592,5.453,0.243,123620,0,14000
341.0,103.163,5.256,0.235,123620,0,14000
341.25,104.448,4.975,0.229,123620,0,14000
341.5,107.654,4.796,0.225,123620,0,14000
341.75,113.419,4.539,0.218,123620,0,14000
342.0,115.348,4.376,0.212,123620,0,14000
342.25,110.89,4.301,0.201,123620,0,14000
342.5,102.604,4.307,0.166,123620,0,14000
342.75,89.85,4.65,0.165,123620,0,14000
343.0,92.421,5.116,0.191,123620,0,14000
343.25,102.648,5.736,0.212,123620,0,14000
343.5,112.239,6.312,0.23,123620,0,14000
343.75,107.149,6.819,0.234,123620,0,14000
344.0,103.972,7.088,0.234,123620,0,14000
344.25,107.813,7.368,0.232,123620,0,14000
344.5,112.935,7.958,0.23,123620,0,14000
344.75,118.696,8.432,0.23,123620,0,14000
345.0,123.18,8.765,0.23,123620,0,14000
345.25,120.64,9.467,0.231,123620,0,14000
345.5,115.547,9.659,0.232,123620,0,14000
345.75,110.457,9.675,0.232,123620,0,14000
346.0,107.914,9.681,0.233,123620,0,14000
346.25,104.101,9.697,0.231,123620,0,14000
346.5,102.2,9.706,0.227,123620,0,14000
346.75,100.3,9.719,0.214,123620,0,14000
347.0,99.672,9.731,0.189,123620,0,14000
347.25,99.686,9.383,0.195,123620,0,14000
347.5,106.727,9.22,0.207,123620,0,14000
347.75,112.488,8.727,0.214,123620,0,14000
348.0,111.229,8.104,0.215,123620,0,14000
348.25,109.328,7.525,0.215,123620,0,14000
348.5,112.535,7.12,0.212,123620,0,14000
348.75,117.019,6.996,0.208,123620,0,14000
349.0,114.476,7.003,0.211,123620,0,14000
349.25,113.852,7.145,0.224,123620,0,14000
349.5,108.123,7.43,0.234,123620,0,14000
349.75,104.942,7.725,0.24,123620,0,14000
350.0,103.045,8.035,0.234,123620,0,14000
350.25,101.782,8.199,0.228,123620,0,14000
350.5,101.797,8.366,0.225,123620,0,14000
350.75,103.088,8.536,0.226,123620,0,14000
351.0,105.653,8.547,0.23,123620,0,14000
351.25,108.221,8.555,0.23,123620,0,14000
351.5,108.874,8.566,0.229,123620,0,14000
351.75,108.888,8.423,0.225,123620,0,14000
352.0,108.264,8.276,0.222,123620,0,14000
352.25,107.002,8.284,0.229,123620,0,14000
352.5,103.189,8.292,0.239,123620,0,14000
352.75,104.477,8.153,0.23,123620,0,14000
353.0,107.045,8.161,0.226,123620,0,14000
353.25,111.529,8.174,0.223,123620,0,14000
353.5,113.459,8.187,0.222,123620,0,14000
353.75,114.75,8.193,0.213,123620,0,14000
354.0,114.126,8.206,0.203,123620,0,14000
354.25,113.502,8.066,0.206,123620,0,14000
354.5,110.962,7.923,0.209,123620,0,14000
354.75,108.423,7.785,0.213,123620,0,14000
355.0,107.16,7.795,0.213,123620,0,14000
355.25,109.094,7.662,0.212,123620,0,14000
355.5,112.301,7.524,0.211,123620,0,14000
355.75,114.231,7.257,0.207,123620,0,14000
356.0,114.883,7.128,0.2,123620,0,14000
356.25,112.986,6.878,0.188,123620,0,14000
356.5,109.166,6.754,0.135,123620,0,14000
356.75,105.988,6.512,0.124,123620,0,14000
357.0,103.452,6.397,0.115,123620,0,14000
357.25,105.379,6.168,0.148,123620,0,14000
357.5,110.501,5.727,0.184,123620,0,14000
357.75,114.346,5.419,0.203,123620,0,14000
358.0,111.168,4.94,0.214,123620,0,14000
358.25,105.436,4.674,0.23,123620,0,14000
358.5,99.066,4.342,0.244,123620,0,14000
358.75,102.911,4.263,0.251,123620,0,14000
359.0,111.226,4.112,0.256,123620,0,14000
359.25,118.263,4.039,0.244,123620,0,14000
359.5,118.278,4.121,0.225,123620,0,14000
359.75,113.823,4.799,0.209,123620,0,14000
360.0,106.814,5.804,0.209,123620,0,14000
360.25,102.36,7.017,0.217,123620,0,14000
360.5,100.459,8.484,0.227,123620,0,14000
360.75,96.007,8.99,0.212,123620,0,14000
361.0,92.187,8.668,0.086,123620,0,14000
361.25,90.286,8.049,0.067,123620,0,14000
361.5,89.024,6.677,0.096,123620,0,14000
361.75,105.0,6.084,0.183,123620,0,14000
362.0,119.061,5.866,0.206,123620,0,14000
362.25,120.356,5.984,0.202,123620,0,14000
362.5,119.093,6.584,0.201,123620,0,14000
362.75,115.912,7.382,0.202,123620,0,14000
363.0,107.63,8.437,0.201,123620,0,14000
363.25,105.087,8.937,0.177,123620,0,14000
363.5,103.824,9.292,0.093,123620,0,14000
363.75,105.115,9.662,0.075,123620,0,14000
364.0,107.045,9.862,0.046,123620,0,14000
364.25,99.398,9.871,0.048,123620,0,14000
364.5,93.67,10.075,0.163,123620,0,14000
364.75,97.512,10.092,0.198,123620,0,14000
365.0,101.995,10.29,0.203,123620,0,14000
365.25,106.479,10.307,0.2,123620,0,14000
365.5,107.132,10.124,0.198,123620,0,14000
365.75,106.508,9.951,0.197,123620,0,14000
366.0,105.884,9.964,0.195,123620,0,14000
366.25,105.902,9.788,0.194,123620,0,14000
366.5,105.916,9.624,0.191,123620,0,14000
366.75,106.569,9.63,0.196,123620,0,14000
367.0,107.222,9.468,0.2,123620,0,14000
367.25,107.879,9.475,0.203,123620,0,14000
367.5,108.532,9.493,0.201,123620,0,14000
367.75,109.181,9.683,0.198,123620,0,14000
368.0,111.114,9.692,0.194,123620,0,14000
368.25,112.402,9.896,0.19,123620,0,14000
368.5,113.693,10.094,0.186,123620,0,14000
368.75,114.35,10.3,0.182,123620,0,14000
369.0,115.003,10.713,0.18,123620,0,14000
369.25,115.017,11.351,0.177,123620,0,14000
369.5,114.393,12.485,0.175,123620,0,14000
369.75,110.577,14.537,0.171,123620,0,14000
370.0,106.118,17.916,0.16,123620,0,14000
370.25,98.471,20.464,0.138,123620,0,14000
370.5,90.186,24.28,0.051,123620,0,14000
370.75,81.9,28.818,0.01,123620,0,14000
371.0,73.614,28.316,0.004,123620,0,14000
371.25,67.883,23.92,0.037,123620,0,14000
371.5,78.112,18.394,0.083,123620,0,14000
371.75,92.173,14.688,0.103,123620,0,14000
372.0,102.407,11.956,0.147,123620,0,14000
372.25,107.525,10.688,0.193,123620,0,14000
372.5,112.013,10.702,0.196,123620,0,14000
372.75,105.639,10.919,0.164,123620,0,14000
373.0,90.334,12.48,0.119,123620,0,14000
373.25,89.067,13.224,0.093,123620,0,14000
373.5,89.72,12.994,0.124,123620,0,14000
373.75,94.843,12.529,0.17,123620,0,14000
374.0,100.607,11.855,0.179,123620,0,14000
374.25,106.364,11.431,0.195,123620,0,14000
374.5,103.824,11.232,0.169,123620,0,14000
374.75,97.454,11.457,0.148,123620,0,14000
375.0,95.557,11.476,0.154,123620,0,14000
375.25,96.21,11.494,0.178,123620,0,14000
375.5,97.497,11.502,0.184,123620,0,14000
375.75,100.066,11.302,0.194,123620,0,14000
376.0,103.28,11.108,0.201,123620,0,14000
376.25,103.929,10.912,0.203,123620,0,14000
376.5,105.22,10.325,0.188,123620,0,14000
376.75,97.573,9.587,0.162,123620,0,14000
377.0,86.734,9.423,0.124,123620,0,14000
377.25,82.275,10.175,0.051,123620,0,14000
377.5,83.57,10.583,0.033,123620,0,14000
377.75,94.439,10.791,0.083,123620,0,14000
378.0,106.584,10.607,0.145,123620,0,14000
378.25,112.345,8.793,0.155,123620,0,14000
378.5,115.551,7.291,0.125,123620,0,14000
378.75,116.843,6.05,0.127,123620,0,14000
379.0,118.134,5.721,0.142,123620,0,14000
379.25,120.067,5.317,0.157,123620,0,14000
379.5,121.997,5.223,0.165,123620,0,14000
379.75,123.927,5.227,0.172,123620,0,14000
380.0,122.665,5.139,0.177,123620,0,14000
380.25,120.764,5.144,0.179,123620,0,14000
380.5,115.028,5.249,0.174,123620,0,14000
380.75,109.3,5.354,0.167,123620,0,14000
381.0,111.23,5.676,0.162,123620,0,14000
381.25,115.075,5.79,0.164,123620,0,14000
381.5,117.643,6.022,0.166,123620,0,14000
381.75,116.377,6.141,0.169,123620,0,14000
382.0,108.095,6.149,0.16,123620,0,14000
382.25,102.998,6.159,0.115,123620,0,14000
382.5,99.186,6.165,0.095,123620,0,14000
382.75,99.835,6.059,0.089,123620,0,14000
383.0,104.319,6.065,0.119,123620,0,14000
383.25,115.826,5.848,0.165,123620,0,14000
383.5,127.336,5.748,0.167,123620,0,14000
383.75,134.377,5.648,0.163,123620,0,14000
384.0,133.115,5.448,0.154,123620,0,14000
384.25,130.572,5.453,0.126,123620,0,14000
384.5,126.117,5.357,0.124,123620,0,14000
384.75,123.577,5.264,0.139,123620,0,14000
385.0,121.042,5.272,0.149,123620,0,14000
385.25,121.694,5.277,0.154,123620,0,14000
385.5,124.259,5.286,0.127,123620,0,14000
385.75,126.193,5.195,0.095,123620,0,14000
386.0,119.819,5.199,0.124,123620,0,14000
386.25,118.56,5.108,0.135,123620,0,14000
386.5,118.574,5.115,0.157,123620,0,14000
386.75,119.869,5.122,0.17,123620,0,14000
387.0,120.515,5.13,0.176,123620,0,14000
387.25,124.36,5.236,0.171,123620,0,14000
387.5,127.567,5.341,0.161,123620,0,14000
387.75,126.304,5.553,0.155,123620,0,14000
388.0,126.957,5.664,0.143,123620,0,14000
388.25,126.972,5.672,0.129,123620,0,14000
388.5,124.432,5.787,0.109,123620,0,14000
388.75,116.789,5.795,0.093,123620,0,14000
389.0,112.33,5.694,0.084,123620,0,14000
389.25,108.518,5.701,0.113,123620,0,14000
389.5,111.724,5.501,0.139,123620,0,14000
389.75,115.566,5.403,0.151,123620,0,14000
390.0,120.688,5.309,0.158,123620,0,14000
390.25,124.533,5.217,0.158,123620,0,14000
390.5,120.079,5.03,0.154,123620,0,14000
390.75,113.708,5.037,0.15,123620,0,14000
391.0,109.253,5.141,0.148,123620,0,14000
391.25,106.714,5.342,0.145,123620,0,14000
391.5,106.09,5.662,0.14,123620,0,14000
391.75,99.081,6.228,0.134,123620,0,14000
392.0,89.519,7.392,0.125,123620,0,14000
392.25,81.233,9.107,0.12,123620,0,14000
392.5,77.417,11.011,0.12,123620,0,14000
392.75,72.966,13.313,0.124,123620,0,14000
393.0,69.788,15.501,0.133,123620,0,14000
393.25,67.245,18.742,0.154,123620,0,14000
393.5,65.347,22.667,0.216,123620,0,14000
393.75,64.72,26.392,0.235,123620,0,14000
394.0,64.096,29.601,0.235,123620,0,14000
394.25,62.833,31.972,0.233,123620,0,14000
394.5,60.294,32.601,0.23,123620,0,14000
394.75,56.481,33.909,0.228,123620,0,14000
395.0,54.58,33.953,0.223,123620,0,14000
395.25,53.318,33.997,0.216,123620,0,14000
395.5,53.971,34.041,0.207,123620,0,14000
395.75,53.985,34.085,0.197,123620,0,14000
396.0,53.999,34.14,0.192,123620,0,14000
396.25,54.01,34.163,0.192,123620,0,14000
396.5,53.386,36.209,0.191,123620,0,14000
396.75,52.766,38.354,0.191,123620,0,14000
397.0,51.503,39.879,0.19,123620,0,14000
397.25,48.322,39.198,0.188,123620,0,14000
397.5,44.505,38.503,0.187,123620,0,14000
397.75,37.497,37.833,0.176,123620,0,14000
398.0,31.765,37.174,0.162,123620,0,14000
398.25,27.949,37.943,0.126,123620,0,14000
398.5,27.325,38.703,0.102,123620,1,14000
398.75,26.701,38.753,0.078,123620,0,14000
399.0,26.715,38.078,-0.029,123620,0,14000
399.25,26.729,36.729,-0.044,123620,0,14000
399.5,27.386,35.427,-0.049,123620,0,14000
399.75,28.674,35.45,-0.051,123620,0,14000
400.0,30.604,34.844,-0.054,123620,0,14000
