DEPT,GR,ILD,DPHI,SitID,Pick,Formation
408.432,137.305,2.629,0.259,109992,0,11000
408.682,135.706,2.569,0.22,109992,0,11000
408.932,138.945,2.547,0.219,109992,0,11000
409.182,142.64,2.456,0.223,109992,0,11000
409.432,139.607,2.33,0.215,109992,0,11000
409.682,134.806,2.302,0.201,109992,0,11000
409.932,133.4,2.363,0.192,109992,0,11000
410.182,134.81,2.453,0.201,109992,0,11000
410.432,134.389,2.612,0.226,109992,0,11000
410.682,130.503,2.886,0.242,109992,0,11000
410.932,124.854,3.119,0.247,109992,0,11000
411.182,119.599,3.121,0.244,109992,0,11000
411.432,115.055,3.015,0.225,109992,0,11000
411.682,108.688,2.845,0.23,109992,0,11000
411.932,103.559,2.694,0.265,109992,0,11000
412.182,107.581,2.552,0.269,109992,0,11000
412.432,107.815,2.39,0.214,109992,0,11000
412.682,114.45,2.21,0.166,109992,0,11000
412.932,122.849,1.924,0.137,109992,0,11000
413.182,119.294,1.567,0.176,109992,0,11000
413.432,115.932,1.418,0.237,109992,0,11000
413.682,114.527,3.365,0.226,109992,0,11000
413.932,114.108,4.466,0.218,109992,0,11000
414.182,112.441,5.862,0.223,109992,0,11000
414.432,108.752,6.621,0.285,109992,0,11000
414.682,101.859,8.09,0.318,109992,0,11000
414.932,88.238,9.375,0.334,109992,0,11000
415.182,90.952,9.731,0.291,109992,0,11000
415.432,89.618,10.082,0.276,109992,0,11000
415.682,78.74,10.387,0.284,109992,0,11000
415.932,70.41,10.743,0.328,109992,0,11000
416.182,70.705,10.889,0.342,109992,0,11000
416.432,77.606,10.618,0.338,109992,0,11000
416.682,76.984,10.469,0.321,109992,0,11000
416.932,72.776,10.192,0.313,109992,0,11000
417.182,68.298,9.993,0.308,109992,0,11000
417.432,67.16,9.586,0.304,109992,0,11000
417.682,72.814,8.913,0.297,109992,0,11000
417.932,80.039,8.122,0.301,109992,0,11000
418.182,85.499,7.607,0.313,109992,0,11000
418.432,90.638,7.297,0.305,109992,0,11000
418.682,93.807,7.464,0.281,109992,0,11000
418.932,97.828,7.762,0.256,109992,0,11000
419.182,101.324,8.115,0.238,109992,0,11000
419.432,103.518,8.316,0.256,109992,0,11000
419.682,102.709,7.977,0.271,109992,0,11000
419.932,101.041,7.499,0.277,109992,0,11000
420.182,94.676,6.771,0.224,109992,0,11000
420.432,91.44,5.948,0.115,109992,0,11000
420.682,88.797,5.234,0.052,109992,0,11000
420.932,93.733,4.606,0.222,109992,0,11000
421.182,100.631,4.106,0.248,109992,0,11000
421.432,107.399,4.078,0.249,109992,0,11000
421.682,117.236,4.343,0.236,109992,0,11000
421.932,127.009,4.772,0.216,109992,0,11000
422.182,130.965,5.301,0.198,109992,0,11000
422.432,121.917,5.781,0.192,109992,0,11000
422.682,114.828,6.012,0.217,109992,0,11000
422.932,107.612,6.127,0.245,109992,0,11000
423.182,102.747,6.441,0.257,109992,0,11000
423.432,99.191,7.195,0.273,109992,0,11000
423.682,98.44,7.992,0.283,109992,0,11000
423.932,96.451,9.109,0.239,109992,0,11000
424.182,90.799,9.899,0.244,109992,0,11000
424.432,79.005,10.014,0.275,109992,0,11000
424.682,62.44,9.875,0.322,109992,0,11000
424.932,61.953,9.808,0.318,109992,0,11000
425.182,70.42,9.797,0.326,109992,0,11000
425.432,74.376,9.855,0.335,109992,0,11000
425.682,80.293,10.024,0.294,109992,0,11000
425.932,78.303,10.216,0.273,109992,0,11000
426.182,72.983,10.47,0.282,109992,0,11000
426.432,72.95,10.63,0.3,109992,0,11000
426.682,75.798,10.812,0.309,109992,0,11000
426.932,82.105,10.858,0.291,109992,0,11000
427.182,86.389,10.609,0.271,109992,0,11000
427.432,86.555,9.81,0.265,109992,0,11000
427.682,82.604,8.793,0.261,109992,0,11000
427.932,77.152,8.131,0.222,109992,0,11000
428.182,73.201,7.56,0.178,109992,0,11000
428.432,79.25,7.305,0.186,109992,0,11000
428.682,82.553,7.404,0.246,109992,0,11000
428.932,83.636,7.671,0.294,109992,0,11000
429.182,85.956,7.963,0.278,109992,0,11000
429.432,96.643,8.235,0.266,109992,0,11000
429.682,97.397,8.239,0.26,109992,0,11000
429.932,90.571,8.049,0.264,109992,0,11000
430.182,86.233,7.694,0.283,109992,0,11000
430.432,82.669,7.259,0.301,109992,0,11000
430.682,82.84,6.849,0.3,109992,0,11000
430.932,90.386,6.79,0.267,109992,0,11000
431.182,98.397,7.218,0.26,109992,0,11000
431.432,104.052,7.701,0.272,109992,0,11000
431.682,113.695,8.082,0.274,109992,0,11000
431.932,122.162,8.436,0.27,109992,0,11000
432.182,123.637,8.74,0.264,109992,0,11000
432.432,119.033,8.793,0.265,109992,0,11000
432.682,119.329,8.45,0.266,109992,0,11000
432.932,125.768,7.714,0.265,109992,0,11000
433.182,130.508,6.914,0.239,109992,0,11000
433.432,130.481,6.085,0.239,109992,0,11000
433.682,126.464,5.404,0.242,109992,0,11000
433.932,122.118,4.942,0.253,109992,0,11000
434.182,123.792,4.422,0.253,109992,0,11000
434.432,128.855,4.081,0.247,109992,0,11000
434.682,139.285,4.137,0.229,109992,0,11000
434.932,140.755,4.397,0.191,109992,0,11000
435.182,137.921,4.761,0.199,109992,0,11000
435.432,135.402,5.386,0.208,109992,0,11000
435.682,129.948,6.368,0.209,109992,0,11000
435.932,123.061,6.958,0.184,109992,0,11000
436.182,119.89,7.383,0.206,109992,0,11000
436.432,113.848,7.51,0.219,109992,0,11000
436.682,107.285,7.086,0.235,109992,0,11000
436.932,105.36,6.352,0.249,109992,0,11000
437.182,116.047,5.6,0.267,109992,0,11000
437.432,121.77,4.638,0.276,109992,0,11000
437.682,124.945,3.899,0.244,109992,0,11000
437.932,126.873,3.247,0.229,109992,0,11000
438.182,129.262,2.858,0.239,109992,0,11000
438.432,134.001,2.687,0.254,109992,0,11000
438.682,142.074,2.606,0.273,109992,0,11000
438.932,149.232,2.603,0.238,109992,0,11000
439.182,151.624,2.58,0.208,109992,0,11000
439.432,153.62,2.539,0.213,109992,0,11000
439.682,154.374,2.522,0.233,109992,0,11000
439.932,153.429,2.585,0.234,109992,0,11000
440.182,155.163,2.653,0.246,109992,0,11000
440.432,157.159,2.852,0.272,109992,0,11000
440.682,157.651,3.162,0.244,109992,0,11000
440.932,157.818,3.617,0.247,109992,0,11000
441.182,158.247,4.138,0.221,109992,0,11000
441.432,158.544,4.563,0.219,109992,0,11000
441.682,158.512,4.806,0.231,109992,0,11000
441.932,158.156,4.889,0.231,109992,0,11000
442.182,156.625,4.865,0.234,109992,0,11000
442.432,150.907,4.94,0.241,109992,0,11000
442.682,147.742,5.213,0.236,109992,0,11000
442.932,147.45,5.561,0.223,109992,0,11000
443.182,145.918,6.144,0.229,109992,0,11000
443.432,145.169,6.977,0.239,109992,0,11000
443.682,133.966,7.609,0.254,109992,0,11000
443.932,117.204,7.956,0.268,109992,0,11000
444.182,100.444,7.76,0.279,109992,0,11000
444.432,94.012,7.595,0.303,109992,0,11000
444.682,95.356,7.353,0.327,109992,0,11000
444.932,99.182,7.197,0.334,109992,0,11000
445.182,97.91,7.044,0.33,109992,0,11000
445.432,98.273,6.845,0.324,109992,0,11000
445.682,99.618,6.748,0.324,109992,0,11000
445.932,101.872,6.69,0.3,109992,0,11000
446.182,107.527,6.731,0.292,109992,0,11000
446.432,112.398,6.748,0.305,109992,0,11000
446.682,117.795,6.739,0.286,109992,0,11000
446.932,114.234,6.755,0.273,109992,0,11000
447.182,106.365,6.759,0.3,109992,0,11000
447.432,102.544,6.751,0.308,109992,0,11000
447.682,104.931,6.693,0.29,109992,0,11000
447.932,108.497,6.551,0.302,109992,0,11000
448.182,105.982,6.342,0.304,109992,0,11000
448.432,104.514,6.208,0.283,109992,0,11000
448.682,109.974,6.076,0.294,109992,0,11000
448.932,119.16,6.068,0.289,109992,0,11000
449.182,127.755,6.094,0.267,109992,0,11000
449.432,135.045,6.234,0.265,109992,0,11000
449.682,139.983,6.518,0.249,109992,0,11000
449.932,138.908,6.802,0.249,109992,0,11000
450.182,123.063,6.983,0.264,109992,0,11000
450.432,104.865,7.052,0.277,109992,0,11000
450.682,90.59,7.043,0.291,109992,0,11000
450.932,82.326,7.073,0.313,109992,0,11000
451.182,73.67,7.09,0.331,109992,0,11000
451.432,71.287,7.12,0.341,109992,0,11000
451.682,71.324,7.164,0.342,109992,0,11000
451.932,71.951,7.181,0.347,109992,0,11000
452.182,72.9,7.238,0.339,109992,0,11000
452.432,73.651,7.31,0.335,109992,0,11000
452.682,72.052,7.327,0.321,109992,0,11000
452.932,66.599,7.304,0.309,109992,0,11000
453.182,63.562,7.269,0.32,109992,0,11000
453.432,62.881,7.272,0.331,109992,0,11000
453.682,63.439,7.264,0.336,109992,0,11000
453.932,63.865,7.242,0.335,109992,0,11000
454.182,64.099,7.232,0.333,109992,0,11000
454.432,64.201,7.236,0.331,109992,0,11000
454.682,62.999,7.213,0.331,109992,0,11000
454.932,61.919,7.204,0.33,109992,0,11000
455.182,60.057,7.248,0.334,109992,0,11000
455.432,61.597,7.187,0.335,109992,0,11000
455.682,65.422,7.072,0.33,109992,0,11000
455.932,69.707,6.872,0.324,109992,0,11000
456.182,71.899,6.52,0.336,109992,0,11000
456.432,70.956,5.822,0.347,109992,0,11000
456.682,68.636,4.843,0.35,109992,0,11000
456.932,71.481,4.799,0.344,109992,0,11000
457.182,76.552,3.867,0.359,109992,0,11000
457.432,81.553,2.907,0.358,109992,0,11000
457.682,88.517,2.475,0.329,109992,0,11000
457.932,94.107,2.481,0.313,109992,0,11000
458.182,95.45,2.662,0.277,109992,0,11000
458.432,94.242,3.034,0.287,109992,0,11000
458.682,98.333,3.56,0.309,109992,0,11000
458.932,101.568,4.095,0.274,109992,0,11000
459.182,105.656,4.941,0.259,109992,0,11000
459.432,101.314,5.778,0.254,109992,0,11000
459.682,92.331,6.198,0.265,109992,0,11000
459.932,87.464,6.145,0.306,109992,0,11000
460.182,81.031,5.949,0.321,109992,0,11000
460.432,80.804,5.759,0.33,109992,0,11000
460.682,83.457,5.731,0.346,109992,0,11000
460.932,87.021,5.798,0.344,109992,0,11000
461.182,90.195,6.051,0.326,109992,0,11000
461.432,92.449,6.362,0.327,109992,0,11000
461.682,96.667,6.652,0.325,109992,0,11000
461.932,99.512,6.44,0.305,109992,0,11000
462.182,90.924,5.966,0.296,109992,0,11000
462.432,88.476,5.629,0.306,109992,0,11000
462.682,93.738,5.459,0.324,109992,0,11000
462.932,99.983,5.373,0.347,109992,0,11000
463.182,104.46,5.298,0.316,109992,0,11000
463.432,108.614,5.157,0.289,109992,0,11000
463.682,112.57,4.92,0.268,109992,0,11000
463.932,118.029,4.651,0.266,109992,0,11000
464.182,119.441,4.437,0.275,109992,0,11000
464.432,122.546,4.415,0.27,109992,0,11000
464.682,132.385,4.549,0.209,109992,0,11000
464.932,130.986,4.748,0.208,109992,0,11000
465.182,128.474,4.946,0.219,109992,0,11000
465.432,124.325,5.106,0.231,109992,0,11000
465.682,118.153,5.397,0.231,109992,0,11000
465.932,112.696,5.613,0.242,109992,0,11000
466.182,83.256,5.699,0.266,109992,0,11000
466.432,70.42,5.692,0.309,109992,0,11000
466.682,73.135,5.685,0.321,109992,0,11000
466.932,73.432,5.677,0.312,109992,0,11000
467.182,69.218,5.66,0.327,109992,0,11000
467.432,68.078,5.664,0.349,109992,0,11000
467.682,70.403,5.667,0.368,109992,0,11000
467.932,73.055,5.701,0.363,109992,0,11000
468.182,72.89,5.747,0.345,109992,0,11000
468.432,69.855,5.781,0.333,109992,0,11000
468.682,70.483,5.817,0.327,109992,0,11000
468.932,72.735,5.821,0.34,109992,0,11000
469.182,73.035,5.834,0.337,109992,0,11000
469.432,71.437,5.891,0.334,109992,0,11000
469.682,72.058,6.004,0.346,109992,0,11000
469.932,73.21,6.118,0.356,109992,0,11000
470.182,71.543,6.305,0.355,109992,0,11000
470.432,69.16,6.401,0.344,109992,0,11000
470.682,73.119,6.464,0.34,109992,0,11000
470.932,74.851,6.551,0.357,109992,0,11000
471.182,74.625,6.603,0.359,109992,0,11000
471.432,75.64,6.595,0.351,109992,0,11000
471.682,76.919,6.515,0.339,109992,0,11000
471.932,77.347,6.354,0.339,109992,0,11000
472.182,73.788,6.207,0.343,109992,0,11000
472.432,74.998,5.998,0.343,109992,0,11000
472.682,78.563,5.712,0.333,109992,0,11000
472.932,76.115,5.439,0.323,109992,0,11000
473.182,78.244,5.236,0.323,109992,0,11000
473.432,81.809,5.004,0.329,109992,0,11000
473.682,83.219,4.748,0.33,109992,0,11000
473.932,84.166,4.538,0.326,109992,0,11000
474.182,85.968,4.305,0.309,109992,0,11000
474.432,88.16,4.145,0.308,109992,0,11000
474.682,89.893,4.072,0.301,109992,0,11000
474.932,92.346,4.03,0.286,109992,0,11000
475.182,92.578,4.024,0.285,109992,0,11000
475.432,94.182,4.027,0.307,109992,0,11000
475.682,97.749,4.015,0.298,109992,0,11000
475.932,98.371,3.966,0.3,109992,0,11000
476.182,100.17,3.932,0.314,109992,0,11000
476.432,104.258,3.949,0.297,109992,0,11000
476.682,109.981,4.009,0.284,109992,0,11000
476.932,113.676,4.262,0.288,109992,0,11000
477.182,114.299,4.821,0.316,109992,0,11000
477.432,114.333,5.356,0.286,109992,0,11000
477.682,116.33,5.499,0.277,109992,0,11000
477.932,117.413,5.532,0.274,109992,0,11000
478.182,117.382,5.475,0.267,109992,0,11000
478.432,117.289,5.448,0.263,109992,0,11000
478.682,114.711,5.411,0.249,109992,0,11000
478.932,110.369,5.345,0.267,109992,0,11000
479.182,107.59,5.232,0.265,109992,0,11000
479.432,109.197,5.178,0.265,109992,0,11000
479.682,111.583,5.199,0.274,109992,0,11000
479.932,112.338,5.289,0.261,109992,0,11000
480.182,109.301,5.49,0.249,109992,0,11000
480.432,110.513,5.688,0.242,109992,0,11000
480.682,116.627,5.904,0.239,109992,0,11000
480.932,120.845,5.973,0.236,109992,0,11000
481.182,121.406,5.999,0.22,109992,0,11000
481.432,117.193,6.046,0.25,109992,0,11000
481.682,104.027,6.106,0.26,109992,0,11000
481.932,97.005,6.165,0.268,109992,0,11000
482.182,95.995,6.214,0.287,109992,0,11000
482.432,98.057,6.264,0.305,109992,0,11000
482.682,98.222,6.301,0.302,109992,0,11000
482.932,95.251,6.317,0.298,109992,0,11000
483.182,91.563,6.309,0.303,109992,0,11000
483.432,90.487,6.164,0.299,109992,0,11000
483.682,91.701,6.1,0.306,109992,0,11000
483.932,94.022,6.047,0.317,109992,0,11000
484.182,93.994,5.941,0.315,109992,0,11000
484.432,93.701,5.815,0.31,109992,0,11000
484.682,93.802,5.568,0.317,109992,0,11000
484.932,96.258,5.302,0.313,109992,0,11000
485.182,102.045,5.03,0.299,109992,0,11000
485.432,112.272,4.634,0.278,109992,0,11000
485.682,120.805,4.365,0.24,109992,0,11000
485.932,118.291,4.28,0.22,109992,0,11000
486.182,113.035,4.298,0.208,109992,0,11000
486.432,111.045,4.364,0.213,109992,0,11000
486.682,111.019,4.464,0.235,109992,0,11000
486.932,114.12,4.609,0.231,109992,0,11000
487.182,118.403,4.748,0.23,109992,0,11000
487.432,113.081,5.02,0.261,109992,0,11000
487.682,109.002,5.454,0.239,109992,0,11000
487.932,107.858,6.641,0.217,109992,0,11000
488.182,105.998,7.738,0.236,109992,0,11000
488.432,101.92,8.408,0.278,109992,0,11000
488.682,90.844,8.84,0.315,109992,0,11000
488.932,83.757,9.109,0.327,109992,0,11000
489.182,80.067,9.18,0.33,109992,0,11000
489.432,81.085,9.136,0.329,109992,0,11000
489.682,79.745,8.975,0.316,109992,0,11000
489.932,74.03,8.672,0.312,109992,0,11000
490.182,72.562,8.334,0.327,109992,0,11000
490.432,74.623,7.965,0.332,109992,0,11000
490.682,73.55,7.474,0.308,109992,0,11000
490.932,73.915,7.222,0.313,109992,0,11000
491.182,78.592,8.008,0.318,109992,0,11000
491.432,80.844,9.399,0.314,109992,0,11000
491.682,81.666,11.981,0.309,109992,0,11000
491.932,79.415,12.853,0.293,109992,0,11000
492.182,72.066,11.995,0.262,109992,0,11000
492.432,66.283,9.773,0.22,109992,0,11000
492.682,62.658,8.744,0.139,109992,0,11000
492.932,68.249,7.91,0.093,109992,0,11000
493.182,73.385,7.314,0.109,109992,0,11000
493.432,76.423,6.751,0.186,109992,0,11000
493.682,72.671,6.37,0.259,109992,0,11000
493.932,69.177,6.021,0.225,109992,0,11000
494.182,72.152,5.776,0.192,109992,0,11000
494.432,78.072,5.571,0.228,109992,0,11000
494.682,80.785,5.443,0.317,109992,0,11000
494.932,81.018,5.367,0.309,109992,0,11000
495.182,78.635,5.321,0.313,109992,0,11000
495.432,75.338,5.266,0.325,109992,0,11000
495.682,74.195,5.201,0.33,109992,0,11000
495.932,76.322,5.167,0.322,109992,0,11000
496.182,78.06,5.169,0.306,109992,0,11000
496.432,79.27,5.21,0.282,109992,0,11000
496.682,80.613,5.223,0.292,109992,0,11000
496.932,82.874,5.226,0.316,109992,0,11000
497.182,84.942,5.22,0.301,109992,0,11000
497.432,85.886,5.223,0.3,109992,0,11000
497.682,87.033,5.197,0.292,109992,0,11000
497.932,88.046,5.143,0.278,109992,0,11000
498.182,89.392,5.043,0.297,109992,0,11000
498.432,90.472,4.919,0.292,109992,0,11000
498.682,92.468,4.84,0.274,109992,0,11000
498.932,96.357,4.686,0.255,109992,0,11000
499.182,101.492,4.389,0.265,109992,0,11000
499.432,104.601,4.21,0.27,109992,0,11000
499.682,106.858,4.002,0.263,109992,0,11000
499.932,107.739,3.831,0.272,109992,0,11000
500.182,106.533,3.615,0.281,109992,0,11000
500.432,111.078,3.349,0.275,109992,0,11000
500.682,118.433,3.148,0.229,109992,0,11000
500.932,119.385,3.009,0.218,109992,0,11000
501.182,115.304,2.983,0.235,109992,0,11000
501.432,111.68,3.046,0.208,109992,0,11000
501.682,112.696,3.208,0.219,109992,0,11000
501.932,117.761,3.57,0.228,109992,0,11000
502.182,118.454,3.901,0.218,109992,0,11000
502.432,117.247,4.064,0.223,109992,0,11000
502.682,115.782,4.18,0.235,109992,0,11000
502.932,114.575,4.213,0.26,109992,0,11000
503.182,112.191,4.294,0.277,109992,0,11000
503.432,109.545,4.376,0.257,109992,0,11000
503.682,109.841,4.526,0.244,109992,0,11000
503.932,110.859,4.62,0.248,109992,0,11000
504.182,110.373,4.691,0.227,109992,0,11000
504.432,110.149,4.729,0.239,109992,0,11000
504.682,111.423,4.714,0.244,109992,0,11000
504.932,116.622,4.657,0.224,109992,0,11000
505.182,121.557,4.634,0.225,109992,0,11000
505.432,122.967,4.602,0.22,109992,0,11000
505.682,121.172,4.588,0.208,109992,0,11000
505.932,119.709,4.574,0.224,109992,0,11000
506.182,119.871,4.551,0.207,109992,0,11000
506.432,120.631,4.521,0.202,109992,0,11000
506.682,121.317,4.532,0.207,109992,0,11000
506.932,121.808,4.593,0.193,109992,0,11000
507.182,121.711,4.776,0.203,109992,0,11000
507.432,118.155,5.325,0.224,109992,0,11000
507.682,114.074,5.818,0.235,109992,0,11000
507.932,111.625,6.028,0.256,109992,0,11000
508.182,109.375,5.976,0.219,109992,0,11000
508.432,107.251,5.893,0.259,109992,0,11000
508.682,106.308,5.832,0.3,109992,0,11000
508.932,109.677,5.803,0.281,109992,0,11000
509.182,111.544,5.817,0.258,109992,0,11000
509.432,109.879,5.842,0.236,109992,0,11000
509.682,111.551,5.888,0.224,109992,0,11000
509.932,115.961,5.881,0.219,109992,0,11000
510.182,114.365,5.821,0.208,109992,0,11000
510.432,115.577,5.781,0.208,109992,0,11000
510.682,117.963,5.732,0.221,109992,0,11000
510.932,118.065,5.641,0.224,109992,0,11000
511.182,118.688,5.582,0.205,109992,0,11000
511.432,118.397,5.444,0.194,109992,0,11000
511.682,113.4,5.359,0.204,109992,0,11000
511.932,111.409,5.313,0.213,109992,0,11000
512.182,112.297,5.248,0.223,109992,0,11000
512.432,115.794,5.202,0.197,109992,0,11000
512.682,120.21,5.13,0.192,109992,0,11000
512.932,122.662,5.067,0.203,109992,0,11000
513.182,119.823,5.042,0.204,109992,0,11000
513.432,115.744,5.027,0.181,109992,0,11000
513.682,112.77,5.039,0.189,109992,0,11000
513.932,116.27,5.06,0.212,109992,0,11000
514.182,120.95,5.091,0.213,109992,0,11000
514.432,122.093,5.104,0.202,109992,0,11000
514.682,121.997,5.097,0.191,109992,0,11000
514.932,119.614,5.053,0.21,109992,0,11000
515.182,121.349,5.066,0.215,109992,0,11000
515.432,121.844,5.2,0.204,109992,0,11000
515.682,119.329,5.368,0.197,109992,0,11000
515.932,115.967,5.592,0.225,109992,0,11000
516.182,114.76,5.901,0.217,109992,0,11000
516.432,114.73,6.296,0.209,109992,0,11000
516.682,115.355,6.88,0.225,109992,0,11000
516.932,113.63,7.614,0.202,109992,0,11000
517.182,107.519,8.244,0.259,109992,0,11000
517.432,101.022,8.877,0.277,109992,0,11000
517.682,96.877,9.593,0.274,109992,0,11000
517.932,93.056,10.291,0.262,109992,0,11000
518.182,90.737,11.265,0.258,109992,0,11000
518.432,89.332,12.747,0.293,109992,0,11000
518.682,88.324,14.056,0.283,109992,0,11000
518.932,84.437,16.078,0.265,109992,0,11000
519.182,80.486,18.629,0.245,109992,0,11000
519.432,76.279,21.786,0.221,109992,0,11000
519.682,72.913,24.289,0.129,109992,0,11000
519.932,66.871,26.785,0.098,109992,0,11000
520.182,61.221,28.84,0.078,109992,0,11000
520.432,59.298,30.321,0.06,109992,0,11000
520.682,57.96,29.841,0.039,109992,0,11000
520.932,55.122,29.103,0.014,109992,0,11000
521.182,51.693,28.642,0.013,109992,0,11000
521.432,49.7,28.14,0.023,109992,0,11000
521.682,53.004,27.745,0.003,109992,0,11000
521.932,54.807,27.406,0.001,109992,0,11000
522.182,55.559,27.273,0.011,109992,0,11000
522.432,55.986,27.188,0.023,109992,0,11000
522.682,56.614,26.465,0.034,109992,0,11000
522.932,57.562,24.607,0.039,109992,0,11000
523.182,58.446,19.867,0.016,109992,0,11000
523.432,59.726,13.723,0.014,109992,0,11000
523.682,61.263,11.06,0.031,109992,0,11000
523.932,63.061,9.296,0.03,109992,0,11000
524.182,64.732,7.901,0.039,109992,0,11000
524.432,66.858,7.36,0.076,109992,0,11000
524.682,71.794,6.931,0.105,109992,0,11000
524.932,75.362,6.516,0.233,109992,0,11000
525.182,77.358,6.059,0.286,109992,0,11000
525.432,80.139,5.675,0.276,109992,0,11000
525.682,84.88,5.413,0.247,109992,0,11000
525.932,90.992,5.165,0.228,109992,0,11000
526.182,98.02,5.158,0.238,109992,0,11000
526.432,108.576,5.305,0.227,109992,0,11000
526.682,116.981,5.437,0.206,109992,0,11000
526.932,118.909,5.489,0.186,109992,0,11000
527.182,119.864,5.533,0.196,109992,0,11000
527.432,119.833,5.618,0.206,109992,0,11000
527.682,119.931,5.726,0.219,109992,0,11000
527.932,120.684,5.813,0.231,109992,0,11000
528.182,121.702,5.871,0.23,109992,0,11000
528.432,121.606,5.874,0.22,109992,0,11000
528.682,121.056,5.878,0.208,109992,0,11000
528.932,120.369,5.859,0.2,109992,0,11000
529.182,118.901,5.841,0.21,109992,0,11000
529.432,116.258,5.813,0.216,109992,0,11000
529.682,111.85,5.783,0.226,109992,0,11000
529.932,110.518,5.776,0.217,109992,0,11000
530.182,110.548,5.77,0.216,109992,0,11000
530.432,110.258,5.794,0.24,109992,0,11000
530.682,109.574,5.829,0.231,109992,0,11000
530.932,111.441,5.865,0.218,109992,0,11000
531.182,116.377,5.858,0.22,109992,0,11000
531.432,122.363,5.829,0.225,109992,0,11000
531.682,125.009,5.779,0.219,109992,0,11000
531.932,122.432,5.729,0.217,109992,0,11000
532.182,119.329,5.649,0.209,109992,0,11000
532.432,118.192,5.591,0.211,109992,0,11000
532.682,118.946,5.553,0.216,109992,0,11000
532.932,120.092,5.566,0.2,109992,0,11000
533.182,121.173,5.58,0.207,109992,0,11000
533.432,121.93,5.635,0.212,109992,0,11000
533.682,122.817,5.689,0.212,109992,0,11000
533.932,123.172,5.809,0.206,109992,0,11000
534.182,123.209,5.887,0.215,109992,0,11000
534.432,124.945,5.934,0.218,109992,0,11000
534.682,128.116,5.981,0.218,109992,0,11000
534.932,130.439,6.051,0.21,109992,0,11000
535.182,126.685,6.11,0.222,109992,0,11000
535.432,124.5,6.192,0.225,109992,0,11000
535.682,123.814,6.253,0.218,109992,0,11000
535.932,125.224,6.269,0.214,109992,0,11000
536.182,126.699,6.226,0.207,109992,0,11000
536.432,126.143,6.072,0.199,109992,0,11000
536.682,120.103,5.932,0.203,109992,0,11000
536.932,115.758,5.796,0.203,109992,0,11000
537.182,115.14,5.631,0.208,109992,0,11000
537.432,117.463,5.432,0.228,109992,0,11000
537.682,124.232,5.336,0.222,109992,0,11000
537.932,127.207,5.3,0.211,109992,0,11000
538.182,126.262,5.382,0.197,109992,0,11000
538.432,127.281,5.71,0.179,109992,0,11000
538.682,129.537,6.104,0.212,109992,0,11000
538.932,132.905,6.312,0.227,109992,0,11000
539.182,135.816,6.178,0.199,109992,0,11000
539.432,126.375,5.734,0.256,109992,0,11000
539.682,122.162,5.43,0.234,109992,0,11000
539.932,124.423,5.276,0.224,109992,0,11000
540.182,126.679,5.337,0.225,109992,0,11000
540.432,126.191,5.622,0.218,109992,0,11000
540.682,123.809,6.087,0.208,109992,0,11000
540.932,117.898,6.435,0.192,109992,0,11000
541.182,110.484,6.486,0.21,109992,0,11000
541.432,110.39,6.29,0.199,109992,0,11000
541.682,116.696,5.882,0.202,109992,0,11000
541.932,122.092,5.509,0.204,109992,0,11000
542.182,113.173,5.141,0.227,109992,0,11000
542.432,107.787,5.013,0.254,109992,0,11000
542.682,104.097,5.184,0.26,109992,0,11000
542.932,99.955,5.542,0.256,109992,0,11000
543.182,97.047,6.202,0.25,109992,0,11000
543.432,94.795,7.004,0.244,109992,0,11000
543.682,92.541,7.569,0.233,109992,0,11000
543.932,87.154,7.755,0.223,109992,0,11000
544.182,81.633,7.703,0.189,109992,0,11000
544.432,78.204,6.905,0.146,109992,0,11000
544.682,82.164,6.021,0.123,109992,0,11000
544.932,86.252,5.269,0.157,109992,0,11000
545.182,91.385,4.819,0.191,109992,0,11000
545.432,95.341,4.665,0.258,109992,0,11000
545.682,97.926,4.6,0.275,109992,0,11000
545.932,100.771,4.544,0.271,109992,0,11000
546.182,102.181,4.53,0.262,109992,0,11000
546.432,101.105,4.549,0.249,109992,0,11000
546.682,97.609,4.594,0.234,109992,0,11000
546.932,97.906,4.656,0.228,109992,0,11000
547.182,98.859,4.798,0.233,109992,0,11000
547.432,98.501,4.97,0.245,109992,0,11000
547.682,99.582,5.511,0.257,109992,0,11000
547.932,103.014,6.328,0.263,109992,0,11000
548.182,100.436,7.172,0.258,109992,0,11000
548.432,94.2,8.733,0.246,109992,0,11000
548.682,87.633,10.008,0.234,109992,0,11000
548.932,77.478,10.955,0.214,109992,0,11000
549.182,72.02,10.802,0.187,109992,0,11000
549.432,63.691,9.646,0.119,109992,0,11000
549.682,60.916,7.521,0.058,109992,0,11000
549.932,73.174,5.449,0.043,109992,0,11000
550.182,84.711,4.875,0.058,109992,0,11000
550.432,94.029,4.728,0.074,109992,0,11000
550.682,105.434,4.784,0.105,109992,0,11000
550.932,108.541,4.857,0.188,109992,0,11000
551.182,105.049,4.968,0.203,109992,0,11000
551.432,101.752,5.119,0.211,109992,0,11000
551.682,98.976,5.313,0.215,109992,0,11000
551.932,97.183,5.597,0.222,109992,0,11000
552.182,98.393,5.873,0.216,109992,0,11000
552.432,100.717,6.706,0.216,109992,0,11000
552.682,101.731,8.47,0.233,109992,0,11000
552.932,98.043,10.445,0.235,109992,0,11000
553.182,92.132,10.822,0.208,109992,0,11000
553.432,85.501,10.439,0.11,109992,0,11000
553.682,76.582,9.796,0.082,109992,0,11000
553.932,75.05,8.636,0.034,109992,0,11000
554.182,95.411,6.563,0.077,109992,0,11000
554.432,103.288,5.754,0.163,109992,0,11000
554.682,108.814,5.39,0.192,109992,0,11000
554.932,111.79,5.256,0.22,109992,0,11000
555.182,110.259,5.23,0.225,109992,0,11000
555.432,106.763,5.262,0.232,109992,0,11000
555.682,104.186,5.402,0.222,109992,0,11000
555.932,104.814,5.586,0.202,109992,0,11000
556.182,106.217,5.788,0.222,109992,0,11000
556.432,111.351,5.943,0.225,109992,0,11000
556.682,114.196,6.022,0.212,109992,0,11000
556.932,113.974,6.126,0.224,109992,0,11000
557.182,113.679,6.175,0.216,109992,0,11000
557.432,112.996,6.179,0.212,109992,0,11000
557.682,112.9,6.16,0.203,109992,0,11000
557.932,114.117,6.14,0.196,109992,0,11000
558.182,117.155,6.088,0.204,109992,0,11000
558.432,120.458,6.025,0.195,109992,0,11000
558.682,125.328,5.94,0.193,109992,0,11000
558.932,127.982,5.868,0.208,109992,0,11000
559.182,128.145,5.808,0.196,109992,0,11000
559.432,128.839,5.789,0.188,109992,0,11000
559.682,131.027,5.761,0.198,109992,0,11000
559.932,133.872,5.764,0.19,109992,0,11000
560.182,130.643,5.736,0.207,109992,0,11000
560.432,131.46,5.771,0.195,109992,0,11000
560.682,134.83,5.827,0.184,109992,0,11000
560.932,135.256,6.037,0.182,109992,0,11000
561.182,132.811,6.255,0.194,109992,0,11000
561.432,129.972,6.433,0.185,109992,0,11000
561.682,127.064,6.52,0.163,109992,0,11000
561.932,124.354,6.584,0.159,109992,0,11000
562.182,126.482,6.563,0.178,109992,0,11000
562.432,125.014,6.46,0.174,109992,0,11000
562.682,119.953,6.3,0.186,109992,0,11000
562.932,116.465,6.099,0.198,109992,0,11000
563.182,118.196,6.124,0.221,109992,0,11000
563.432,122.673,6.451,0.201,109992,0,11000
563.682,130.88,7.062,0.181,109992,0,11000
563.932,142.088,7.888,0.166,109992,0,11000
564.182,140.491,8.682,0.164,109992,0,11000
564.432,133.991,8.995,0.182,109992,0,11000
564.682,122.459,8.902,0.154,109992,0,11000
564.932,111.188,8.37,0.102,109992,0,11000
565.182,122.402,7.853,0.13,109992,0,11000
565.432,128.709,7.382,0.165,109992,0,11000
565.682,133.647,7.16,0.182,109992,0,11000
565.932,134.861,7.112,0.185,109992,0,11000
566.182,126.332,7.355,0.172,109992,0,11000
566.432,118.395,7.861,0.166,109992,0,11000
566.682,115.49,8.175,0.177,109992,0,11000
566.932,118.339,8.001,0.149,109992,0,11000
567.182,120.92,7.467,0.145,109992,0,11000
567.432,115.666,6.905,0.128,109992,0,11000
567.682,119.817,6.909,0.113,109992,0,11000
567.932,124.687,6.938,0.146,109992,0,11000
568.182,123.809,6.993,0.165,109992,0,11000
568.432,119.335,7.087,0.165,109992,0,11000
568.682,118.784,7.21,0.165,109992,0,11000
568.932,121.368,7.361,0.159,109992,0,11000
569.182,119.702,7.407,0.171,109992,0,11000
569.432,114.64,7.223,0.165,109992,0,11000
569.682,117.421,6.929,0.151,109992,0,11000
569.932,116.541,6.682,0.125,109992,0,11000
570.182,121.674,6.422,0.154,109992,0,11000
570.432,125.245,6.24,0.178,109992,0,11000
570.682,125.54,6.186,0.191,109992,0,11000
570.932,127.732,6.133,0.184,109992,0,11000
571.182,130.705,6.092,0.15,109992,0,11000
571.432,140.676,6.095,0.129,109992,0,11000
571.682,141.756,6.122,0.141,109992,0,11000
571.932,134.408,6.125,0.139,109992,0,11000
572.182,127.583,6.163,0.153,109992,0,11000
572.432,125.003,6.166,0.147,109992,0,11000
572.682,119.484,6.137,0.131,109992,0,11000
572.932,128.016,6.117,0.15,109992,0,11000
573.182,129.683,5.998,0.167,109992,0,11000
573.432,129.788,5.893,0.148,109992,0,11000
573.682,130.473,5.821,0.145,109992,0,11000
573.932,132.144,5.718,0.161,109992,0,11000
574.182,132.114,5.587,0.172,109992,0,11000
574.432,127.901,5.408,0.161,109992,0,11000
574.682,124.734,4.946,0.167,109992,0,11000
574.932,121.764,4.417,0.158,109992,0,11000
575.182,124.217,3.873,0.139,109992,0,11000
575.432,131.18,3.433,0.134,109992,0,11000
575.682,134.553,2.849,0.169,109992,0,11000
575.932,130.468,2.185,0.157,109992,0,11000
576.182,126.065,1.857,0.173,109992,0,11000
576.432,124.003,1.637,0.195,109992,0,11000
576.682,121.817,1.932,0.218,109992,0,11000
576.932,119.963,2.383,0.236,109992,0,11000
577.182,118.491,2.928,0.261,109992,0,11000
577.432,116.959,4.113,0.253,109992,0,11000
577.682,113.4,5.642,0.239,109992,0,11000
577.932,107.621,6.622,0.22,109992,0,11000
578.182,102.427,6.761,0.2,109992,0,11000
578.432,97.037,6.63,0.146,109992,0,11000
578.682,98.445,6.164,0.123,109992,0,11000
578.932,103.059,5.317,0.098,109992,0,11000
579.182,106.164,4.594,0.088,109992,0,11000
579.432,103.52,4.013,0.134,109992,0,11000
579.682,102.118,3.684,0.18,109992,0,11000
579.932,106.923,3.727,0.176,109992,0,11000
580.182,120.878,3.969,0.153,109992,0,11000
580.432,127.323,4.243,0.164,109992,0,11000
580.682,122.98,4.618,0.188,109992,0,11000
580.932,118.506,5.43,0.178,109992,0,11000
581.182,113.507,6.492,0.154,109992,0,11000
581.432,109.429,7.132,0.141,109992,0,11000
581.682,107.893,7.032,0.166,109992,0,11000
581.932,109.3,6.998,0.165,109992,0,11000
582.182,114.366,7.002,0.141,109992,0,11000
582.432,128.847,6.993,0.088,109992,0,11000
582.682,139.338,6.832,0.105,109992,0,11000
582.932,146.041,6.399,0.116,109992,0,11000
583.182,142.219,6.368,0.13,109992,0,11000
583.432,132.584,6.525,0.126,109992,0,11000
583.682,128.176,6.936,0.143,109992,0,11000
583.932,120.759,7.468,0.152,109992,0,11000
584.182,110.404,8.45,0.183,109992,0,11000
584.432,101.357,9.216,0.173,109992,0,11000
584.682,92.505,9.392,0.167,109992,0,11000
584.932,94.175,9.16,0.145,109992,0,11000
585.182,95.647,8.982,0.116,109992,0,11000
585.432,97.646,8.712,0.097,109992,0,11000
585.682,102.253,8.542,0.104,109992,0,11000
585.932,113.465,8.21,0.112,109992,0,11000
586.182,121.93,8.02,0.127,109992,0,11000
586.432,129.875,7.807,0.137,109992,0,11000
586.682,135.662,7.614,0.15,109992,0,11000
586.932,140.467,7.507,0.143,109992,0,11000
587.182,143.246,7.361,0.141,109992,0,11000
587.432,138.903,7.205,0.142,109992,1,11000
587.682,136.72,7.001,0.137,109992,0,11000
587.932,137.996,6.966,0.143,109992,0,11000
588.182,138.491,7.165,0.151,109992,0,11000
588.432,133.818,7.701,0.17,109992,0,11000
588.682,123.662,8.89,0.173,109992,0,11000
588.932,112.26,10.378,0.204,109992,0,11000
589.182,101.773,11.698,0.275,109992,0,11000
589.432,76.582,12.993,0.308,109992,0,11000
589.682,79.298,14.172,0.321,109992,0,11000
589.932,80.248,13.999,0.297,109992,0,11000
590.182,80.937,13.33,0.291,109992,0,11000
590.432,83.723,12.671,0.286,109992,0,11000
590.682,88.46,11.695,0.269,109992,0,11000
590.932,96.143,9.939,0.25,109992,0,11000
591.182,104.148,8.958,0.238,109992,0,11000
591.432,117.581,8.93,0.222,109992,0,11000
591.682,126.571,9.563,0.175,109992,0,11000
591.932,117.719,10.623,0.155,109992,0,11000
592.182,114.683,12.49,0.13,109992,0,11000
592.432,106.941,13.013,0.025,109992,0,11000
592.682,85.475,12.783,-0.019,109992,0,11000
592.932,67.081,10.785,-0.025,109992,0,11000
593.182,81.365,8.66,-0.014,109992,0,11000
593.432,95.06,7.147,0.006,109992,0,11000
593.682,107.314,6.232,0.029,109992,0,11000
593.932,131.334,5.71,0.05,109992,0,11000
594.182,145.682,5.776,0.08,109992,0,11000
594.432,158.854,6.488,0.098,109992,0,11000
594.682,166.012,7.699,0.117,109992,0,11000
594.932,163.041,8.505,0.134,109992,0,11000
595.182,146.87,8.796,0.106,109992,0,11000
595.432,135.142,8.769,0.071,109992,0,11000
595.682,123.546,8.442,0.062,109992,0,11000
595.932,140.768,7.893,0.077,109992,0,11000
596.182,151.325,7.379,0.114,109992,0,11000
596.432,152.736,7.343,0.106,109992,0,11000
596.682,152.118,7.552,0.091,109992,0,11000
596.932,151.171,7.782,0.118,109992,0,11000
597.182,149.444,7.872,0.105,109992,0,11000
597.432,151.961,7.949,0.098,109992,0,11000
