DEPT,GR,ILD,DPHI,NPHI,SitID,Pick,Formation,VSH,RESD
100.0,77.287,26.261,0.396,0.482,143455,0,5000,0.6330136757842207,3.2680853296734855
100.25,74.154,23.461,0.409,0.497,143455,0,5000,0.5990121241470432,3.1553398943020285
100.5,72.269,24.358,0.418,0.506,143455,0,5000,0.5785547590541358,3.192860748207572
100.75,72.88,27.778,0.405,0.508,143455,0,5000,0.5851857670497678,3.3242447004910822
101.0,79.097,25.766,0.341,0.449,143455,0,5000,0.6526570873588428,3.2490561814776173
101.25,77.212,24.353,0.345,0.448,143455,0,5000,0.6321997222659352,3.1926554558520617
101.5,70.963,22.169,0.345,0.452,143455,0,5000,0.5643811151223916,3.0986953676920517
101.75,81.544,21.351,0.347,0.443,143455,0,5000,0.6792136774821026,3.0610990453472717
102.0,82.775,20.953,0.36,0.447,143455,0,5000,0.6925733678955612,3.0422823114654833
102.25,75.898,23.451,0.351,0.442,143455,0,5000,0.6179392566255741,3.15491356432726
102.5,71.519,26.247,0.324,0.419,143455,0,5000,0.5704152238712813,3.2675520777880878
102.75,71.504,29.933,0.305,0.395,143455,0,5000,0.5702524331676242,3.3989618847999674
103.0,76.478,31.666,0.302,0.402,143455,0,5000,0.6242338305003149,3.4552438658753144
103.25,86.436,32.877,0.306,0.413,143455,0,5000,0.7323051523014683,3.492773629313324
103.5,97.64,32.875,0.316,0.43,143455,0,5000,0.8538989552197368,3.4927127946803918
103.75,96.377,32.262,0.34,0.452,143455,0,5000,0.8401919779718098,3.4738903770177325
104.0,89.505,31.071,0.348,0.464,143455,0,5000,0.7656121302697086,3.4362752301183193
104.25,82.01,28.82,0.357,0.467,143455,0,5000,0.6842710420090496,3.3610699375525788
104.5,66.411,25.748,0.323,0.464,143455,0,5000,0.5149795629192536,3.248357342569974
104.75,65.149,24.336,0.338,0.462,143455,0,5000,0.5012834383849039,3.191957146430725
105.0,75.729,21.741,0.35,0.458,143455,0,5000,0.6161051480310377,3.0792003387555917
105.25,85.063,20.549,0.336,0.448,143455,0,5000,0.7174043765600558,3.0228127645993004
105.5,90.03,20.547,0.31,0.431,143455,0,5000,0.7713098048977068,3.0227154315728137
105.75,90.638,19.79,0.293,0.424,143455,0,5000,0.7779082547526076,2.9851772649200567
106.0,92.492,17.68,0.299,0.433,143455,0,5000,0.7980291857246237,2.872434622820197
106.25,93.1,15.794,0.313,0.453,143455,0,5000,0.8046276355795244,2.7596307542270186
106.5,92.46,16.093,0.315,0.455,143455,0,5000,0.7976818988901552,2.778385016224346
106.75,92.449,16.397,0.298,0.441,143455,0,5000,0.7975625190408067,2.797099001135204
107.0,91.182,15.792,0.284,0.435,143455,0,5000,0.7838121309385712,2.7595041159229416
107.25,89.916,14.926,0.268,0.441,143455,0,5000,0.7700725955499129,2.7031053286808326
107.5,89.9,14.647,0.298,0.455,143455,0,5000,0.7698989521326788,2.6842362190696027
107.75,95.498,15.495,0.331,0.464,143455,0,5000,0.8306524427375045,2.7405180366089774
108.0,105.452,15.788,0.318,0.46,143455,0,5000,0.9386803536843491,2.75925079119285
108.25,107.31,14.922,0.303,0.457,143455,0,5000,0.958844695510674,2.7028373042005525
108.5,104.801,14.104,0.304,0.46,143455,0,5000,0.9316152371456313,2.646459154114036
108.75,99.175,13.584,0.317,0.46,143455,0,5000,0.8705578705606456,2.608893365728909
109.0,94.169,13.082,0.331,0.457,143455,0,5000,0.8162291863934862,2.5712380039478404
109.25,91.664,13.84,0.336,0.456,143455,0,5000,0.7890431388827523,2.627563672732615
109.5,96.012,15.202,0.301,0.451,143455,0,5000,0.8362307375161542,2.7214276559518153
109.75,102.229,15.489,0.248,0.445,143455,0,5000,0.903702057825229,2.740130740184885
110.0,105.949,15.488,0.219,0.446,143455,0,5000,0.9440741523321872,2.7400661761951697
110.25,107.18,15.488,0.218,0.449,143455,0,5000,0.9574338427456459,2.7400661761951697
110.5,108.411,14.916,0.227,0.449,143455,0,5000,0.9707935331591043,2.702435132737374
110.75,109.022,14.365,0.254,0.448,143455,0,5000,0.9774245411547363,2.664795388567453
111.0,109.63,12.834,0.266,0.448,143455,0,5000,0.9840229910096371,2.5520986785083224
111.25,108.987,12.833,0.27,0.448,143455,0,5000,0.9770446961795365,2.5520207575030396
111.5,105.855,12.832,0.27,0.449,143455,0,5000,0.9430539972559362,2.5519428304256007
111.75,102.103,12.359,0.274,0.45,143455,0,5000,0.9023346159145094,2.514385351734223
112.0,93.984,12.128,0.29,0.45,143455,0,5000,0.8142214343817155,2.4955176534379344
112.25,83.996,12.127,0.318,0.45,143455,0,5000,0.7058245311732481,2.495435196280565
112.5,75.254,13.573,0.353,0.445,143455,0,5000,0.6109501090818965,2.6080832620723533
112.75,73.364,19.761,0.38,0.433,143455,0,5000,0.5904384804211033,2.983710804373802
113.0,78.339,27.192,0.333,0.436,143455,0,5000,0.6444307304673712,3.3029231801489694
113.25,81.432,28.766,0.33,0.45,143455,0,5000,0.6779981735614631,3.3591944818142587
113.5,83.909,28.765,0.346,0.462,143455,0,5000,0.7048803450920371,3.3591597179599035
113.75,87.014,25.698,0.374,0.477,143455,0,5000,0.7385780207490545,3.2464135569965547
114.0,91.989,24.75,0.38,0.475,143455,0,5000,0.7925702707953228,3.2088258930550215
114.25,96.959,21.699,0.329,0.469,143455,0,5000,0.8465082572737052,3.0772666373858777
114.5,97.555,19.025,0.315,0.461,143455,0,5000,0.8529764745656802,2.94575442937179
114.75,96.301,17.319,0.32,0.463,143455,0,5000,0.8393671717399472,2.8518047421472823
115.0,90.675,16.68,0.334,0.469,143455,0,5000,0.7783098051549615,2.8142109964508046
115.25,82.556,16.368,0.337,0.471,143455,0,5000,0.6901966236221676,2.7953288201572755
115.5,75.684,16.678,0.444,0.486,143455,0,5000,0.6156167759200664,2.8140910852568912
115.75,68.189,16.993,0.475,0.505,143455,0,5000,0.5342756876594073,2.8328020830294034
116.0,60.07,17.643,0.51,0.52,143455,0,5000,0.44616250612661335,2.870339670942798
116.25,50.081,18.664,0.538,0.562,143455,0,5000,0.3377547502045689,2.9265970705098128
116.5,48.196,19.745,0.524,0.589,143455,0,5000,0.3172973851116613,2.9829008011958154
116.75,55.66,20.119,0.451,0.615,143455,0,5000,0.398302039251429,3.0016651392495723
117.0,59.384,21.284,0.311,0.426,143455,0,5000,0.4387175446126958,3.0579560865705093
117.25,59.991,21.686,0.307,0.43,143455,0,5000,0.44530514175401936,3.0766673521768784
117.5,59.976,21.685,0.309,0.434,143455,0,5000,0.44514235105036226,3.0766212384354823
117.75,55.593,22.514,0.317,0.438,143455,0,5000,0.39757490744176077,3.114137782100587
118.0,53.088,22.939,0.328,0.448,143455,0,5000,0.37038885993102677,3.13283895471069
118.25,52.445,24.728,0.336,0.454,143455,0,5000,0.3634105651009262,3.207936609229604
118.5,53.052,25.673,0.34,0.454,143455,0,5000,0.36999816224224974,3.245440245507952
118.75,54.283,27.16,0.339,0.457,143455,0,5000,0.38335785265570826,3.30174567087894
119.0,56.761,28.197,0.334,0.451,143455,0,5000,0.41025087689985945,3.3392159439538687
119.25,60.481,27.671,0.329,0.437,143455,0,5000,0.4506229714068176,3.3203852947589763
119.5,62.339,27.155,0.318,0.448,143455,0,5000,0.47078731323314243,3.301561559743047
119.75,64.193,24.26,0.301,0.461,143455,0,5000,0.49090824420515866,3.188829315716973
120.0,67.29,21.673,0.308,0.434,143455,0,5000,0.5245190981535591,3.0760677076097482
120.25,69.768,20.873,0.313,0.435,143455,0,5000,0.5514121223977103,3.0384569368514716
120.5,72.245,20.484,0.316,0.445,143455,0,5000,0.5782942939282844,3.019644581786086
120.75,74.723,20.871,0.306,0.45,143455,0,5000,0.6051873181724355,3.0383611147432252
121.0,75.958,22.498,0.299,0.446,143455,0,5000,0.6185904194402025,3.1134268608544895
121.25,77.189,22.924,0.293,0.445,143455,0,5000,0.631950109853661,3.1321848329134405
121.5,74.056,23.357,0.3,0.441,143455,0,5000,0.5979485582164836,3.1508971531924233
121.75,69.677,24.25,0.305,0.434,143455,0,5000,0.5504245254621907,3.1884170297545413
122.0,71.531,25.177,0.31,0.427,143455,0,5000,0.570545456434207,3.2259312765297086
122.25,76.502,25.175,0.315,0.423,143455,0,5000,0.6244942956261663,3.225851835824011
122.5,80.222,23.795,0.307,0.429,143455,0,5000,0.6648663901331244,3.169475894829342
122.75,82.7,20.862,0.292,0.443,143455,0,5000,0.6917594143772757,3.037929801594092
123.0,84.558,18.638,0.278,0.462,143455,0,5000,0.7119237562036005,2.925203043901575
123.25,86.412,16.341,0.277,0.479,143455,0,5000,0.732044687175617,2.7936778990271125
123.5,83.276,14.061,0.275,0.492,143455,0,5000,0.6980105773977078,2.643405718795397
123.75,79.525,12.561,0.276,0.488,143455,0,5000,0.6573020487698585,2.530597571819758
124.0,72.029,11.652,0.284,0.469,143455,0,5000,0.5759501077956222,2.4554786973185845
124.25,66.4,12.326,0.299,0.46,143455,0,5000,0.5148601830699052,2.5117116638329238
124.5,68.881,13.796,0.317,0.457,143455,0,5000,0.5417857654547877,2.6243794199221138
124.75,72.601,15.154,0.321,0.456,143455,0,5000,0.582157859961746,2.7182651834007414
125.0,75.075,16.335,0.311,0.454,143455,0,5000,0.6090074733515886,2.7933106572352764
125.25,76.937,16.643,0.297,0.449,143455,0,5000,0.6292152260322219,2.8119903084576205
125.5,78.791,16.333,0.291,0.446,143455,0,5000,0.6493361570042382,2.7931882133282078
125.75,80.645,16.029,0.288,0.446,143455,0,5000,0.6694570879762544,2.7744002055127863
126.0,81.872,15.437,0.287,0.445,143455,0,5000,0.6827733675354044,2.736767872993755
126.25,82.48,14.867,0.285,0.446,143455,0,5000,0.6893718173903051,2.699144664261646
126.5,83.087,14.866,0.285,0.451,143455,0,5000,0.6959594145316286,2.69907739897878
126.75,83.695,14.866,0.282,0.454,143455,0,5000,0.7025578643865293,2.69907739897878
127.0,83.679,14.05,0.282,0.443,143455,0,5000,0.7023842209692952,2.642623107523274
127.25,84.287,13.531,0.281,0.439,143455,0,5000,0.708982670824196,2.6049840883249114
127.5,84.898,13.531,0.277,0.443,143455,0,5000,0.715613678819828,2.6049840883249114
127.75,84.879,13.278,0.277,0.447,143455,0,5000,0.7154074772618623,2.5861092834221546
128.0,84.867,12.788,0.279,0.448,143455,0,5000,0.7152772446989365,2.5485080131803985
128.25,82.977,12.787,0.281,0.448,143455,0,5000,0.6947656160381435,2.5484298118729893
128.5,79.841,12.787,0.285,0.448,143455,0,5000,0.6607315062602344,2.5484298118729893
128.75,78.583,12.786,0.286,0.448,143455,0,5000,0.6470787925801932,2.548351604449657
129.0,76.697,13.028,0.282,0.449,143455,0,5000,0.6266105747737085,2.567101654991218
129.25,76.058,13.027,0.279,0.448,143455,0,5000,0.6196756907979165,2.56702489435158
129.5,79.155,12.784,0.278,0.447,143455,0,5000,0.6532865447463169,2.5481951712513977
129.75,81.632,13.026,0.28,0.447,143455,0,5000,0.680168716276891,2.5669481278192934
130.0,81.617,12.783,0.287,0.448,143455,0,5000,0.6800059255732339,2.5481169454745562
130.25,80.354,12.544,0.295,0.45,143455,0,5000,0.6662989483253069,2.529243260801612
130.5,79.092,12.781,0.303,0.452,143455,0,5000,0.6526028237909571,2.547960475560663
130.75,80.327,13.778,0.297,0.449,143455,0,5000,0.6660059250587241,2.623073842965486
131.0,84.047,15.134,0.27,0.437,143455,0,5000,0.7063780195656824,2.7169445290359544
131.25,84.655,14.575,0.263,0.426,143455,0,5000,0.7129764694205831,2.679308418342667
131.5,84.635,12.541,0.256,0.435,143455,0,5000,0.7127594151490403,2.5290040742261732
131.75,85.25,10.995,0.263,0.447,143455,0,5000,0.719433833998981,2.397441533510631
132.0,85.858,10.995,0.271,0.452,143455,0,5000,0.7260322838538817,2.397441533510631
132.25,86.466,11.203,0.266,0.442,143455,0,5000,0.7326307337087822,2.4161824921942365
132.5,86.45,11.414,0.272,0.435,143455,0,5000,0.732457090291548,2.434841548231182
132.75,86.434,11.63,0.279,0.43,143455,0,5000,0.7322834468743139,2.453588826375431
133.0,87.042,11.413,0.275,0.431,143455,0,5000,0.7388818967292147,2.434753932764893
133.25,87.026,11.413,0.271,0.436,143455,0,5000,0.7387082533119802,2.434753932764893
133.5,86.383,11.412,0.267,0.443,143455,0,5000,0.7317299584818796,2.4346663096214622
133.75,86.363,11.848,0.263,0.447,143455,0,5000,0.731512904210337,2.4721599209894496
134.0,86.352,12.072,0.261,0.446,143455,0,5000,0.7313935243609886,2.490889549828359
134.25,86.34,12.072,0.262,0.45,143455,0,5000,0.7312632917980629,2.490889549828359
134.5,86.324,11.626,0.266,0.451,143455,0,5000,0.7310896483808285,2.453244829419852
134.75,84.438,11.409,0.271,0.451,143455,0,5000,0.7106214305743438,2.434403394114856
135.0,80.679,10.783,0.276,0.45,143455,0,5000,0.6698260802378773,2.377971747285205
135.25,77.543,10.783,0.281,0.45,143455,0,5000,0.6357919704599684,2.377971747285205
135.5,75.034,10.987,0.288,0.446,143455,0,5000,0.608562512094926,2.39671366588489
135.75,71.905,11.623,0.292,0.444,143455,0,5000,0.574604371312057,2.452986754024274
136.0,71.886,12.529,0.294,0.445,143455,0,5000,0.5743981697540913,2.5280467554113932
136.25,70.627,12.529,0.295,0.446,143455,0,5000,0.5607346033604729,2.5280467554113932
136.5,67.491,12.766,0.299,0.446,143455,0,5000,0.5267004935825641,2.546786170164281
136.75,65.609,12.765,0.304,0.445,143455,0,5000,0.5062756866303879,2.546707834085228
137.0,63.724,13.253,0.315,0.446,143455,0,5000,0.48581832153748034,2.5842246964443976
137.25,64.954,14.286,0.321,0.446,143455,0,5000,0.4991671592373616,2.659280736718536
137.5,66.805,14.556,0.326,0.444,143455,0,5000,0.5192555320686466,2.678003966751601
137.75,67.416,15.691,0.326,0.443,143455,0,5000,0.5258865400642786,2.753087936884739
138.0,68.024,15.988,0.316,0.447,143455,0,5000,0.5324849899191794,2.771839066317983
138.25,68.627,15.111,0.311,0.458,143455,0,5000,0.5390291762061943,2.715423617200976
138.5,68.612,14.017,0.315,0.466,143455,0,5000,0.5388663855025372,2.640271592100085
138.75,69.219,12.522,0.316,0.473,143455,0,5000,0.5454539826438607,2.5274878959172735
139.0,71.074,10.574,0.311,0.477,143455,0,5000,0.5655857663294542,2.358399103528718
139.25,73.547,9.626,0.309,0.445,143455,0,5000,0.5924245270057197,2.264468809733484
139.5,74.786,9.994,0.309,0.445,143455,0,5000,0.6058710391277953,2.301985913521873
139.75,77.887,10.977,0.308,0.454,143455,0,5000,0.6395253039305042,2.3958030857004826
140.0,80.36,11.185,0.313,0.466,143455,0,5000,0.6663640646067698,2.4145744889962306
140.25,82.215,10.976,0.315,0.476,143455,0,5000,0.6864958482923632,2.395711982061832
140.5,83.445,10.771,0.311,0.474,143455,0,5000,0.6998446859922445,2.3768582657871047
140.75,80.309,10.374,0.315,0.471,143455,0,5000,0.6658105762143356,2.3393036398770763
141.0,79.055,10.18,0.324,0.47,143455,0,5000,0.652201273388603,2.3204259934401654
141.25,74.053,9.99,0.326,0.475,143455,0,5000,0.5979160000757522,2.301585593660962
141.5,66.553,10.179,0.325,0.484,143455,0,5000,0.5165206482472074,2.3203277568844958
141.75,59.681,11.181,0.322,0.488,143455,0,5000,0.44194080054510615,2.414216803539216
142.0,55.925,11.828,0.33,0.471,143455,0,5000,0.40117800834937095,2.4704704474413446
142.25,52.17,12.992,0.375,0.484,143455,0,5000,0.3604260688672129,2.5643345531234596
142.5,47.791,13.745,0.413,0.505,143455,0,5000,0.31290203611291983,2.620675849154231
142.75,46.525,15.972,0.43,0.521,143455,0,5000,0.29916250072426154,2.770837815296446
143.0,47.132,17.217,0.368,0.482,143455,0,5000,0.30575009786558505,2.8458978486154476
143.25,46.489,18.911,0.369,0.436,143455,0,5000,0.2987718030354845,2.939744292137762
143.5,45.854,19.634,0.382,0.43,143455,0,5000,0.29188032991400104,2.977263266590766
143.75,44.592,21.165,0.381,0.42,143455,0,5000,0.2781842053796513,3.052349346450923
144.0,43.953,21.974,0.366,0.409,143455,0,5000,0.27124932140385927,3.089860391361866
144.25,43.937,22.814,0.352,0.392,143455,0,5000,0.271075677986625,3.127374820932953
144.5,42.675,23.245,0.337,0.391,143455,0,5000,0.2573795534522752,3.1460904853424987
144.75,41.408,23.244,0.341,0.414,143455,0,5000,0.24362916535003976,3.1460474644313177
145.0,40.777,23.683,0.368,0.437,143455,0,5000,0.23678110308286485,3.164757913424311
145.25,38.888,24.131,0.392,0.469,143455,0,5000,0.21628032713564868,3.183497735371006
145.5,38.252,24.13,0.415,0.509,143455,0,5000,0.20937800130058815,3.183456294058736
145.75,36.99,24.129,0.436,0.548,143455,0,5000,0.19568187676623833,3.1834148510290126
146.0,36.351,23.679,0.391,0.511,143455,0,5000,0.1887469927904463,3.1645890017094174
146.25,38.205,22.38,0.372,0.498,143455,0,5000,0.20886792376246255,3.108168149711204
146.5,40.683,21.554,0.381,0.481,143455,0,5000,0.23576094800661374,3.070561878125539
146.75,43.16,20.372,0.37,0.456,143455,0,5000,0.2626431195371878,3.014161899892059
147.0,46.885,18.545,0.359,0.445,143455,0,5000,0.3030694776120317,2.9202007501703116
147.25,49.985,17.202,0.352,0.446,143455,0,5000,0.33671288970116353,2.8450262374568713
147.5,53.082,15.659,0.35,0.436,143455,0,5000,0.37032374364956394,2.7510464701734856
147.75,53.063,15.659,0.349,0.436,143455,0,5000,0.3701175420915983,2.7510464701734856
148.0,51.8,16.565,0.347,0.442,143455,0,5000,0.3564105648436713,2.80729263943414
148.25,51.161,18.195,0.347,0.451,143455,0,5000,0.34947568086787933,2.901147380665511
148.5,50.526,20.365,0.346,0.443,143455,0,5000,0.3425842077463959,3.0138182321388016
148.75,46.143,21.953,0.346,0.428,143455,0,5000,0.2950167641377943,3.08890425996029
149.0,44.261,21.951,0.346,0.441,143455,0,5000,0.2745919571856182,3.08881315213001
149.25,45.492,22.366,0.356,0.478,143455,0,5000,0.2879516475990766,3.107542395713113
149.5,47.966,22.789,0.385,0.513,143455,0,5000,0.31480126098891925,3.126278402208735
149.75,43.591,22.788,0.418,0.53,143455,0,5000,0.26732063908893483,3.126234520445506
150.0,38.585,22.363,0.444,0.559,143455,0,5000,0.2129919549217755,3.107408254611676
150.25,42.936,20.358,0.412,0.584,143455,0,5000,0.2602121116959086,3.013474446237415
150.5,46.037,18.883,0.36,0.564,143455,0,5000,0.2938663764986175,2.9382625759761685
150.75,46.021,19.605,0.335,0.458,143455,0,5000,0.29369273308138333,2.9757851458181257
151.0,45.382,20.74,0.338,0.424,143455,0,5000,0.28675784910559127,3.032064684961342
151.25,45.99,20.353,0.343,0.467,143455,0,5000,0.29335629896049203,3.013228812498681
151.5,44.728,19.237,0.408,0.54,143455,0,5000,0.2796601744261422,2.9568360277554837
151.75,43.461,18.527,0.457,0.584,143455,0,5000,0.2659097863239067,2.9192296673205234
152.0,43.442,18.181,0.473,0.608,143455,0,5000,0.2657035847659411,2.9003776427617356
152.25,44.057,17.842,0.44,0.628,143455,0,5000,0.27237800361588177,2.881555788966718
152.5,45.907,18.179,0.415,0.51,143455,0,5000,0.2924555237335894,2.9002676318210363
152.75,47.138,17.84,0.372,0.456,143455,0,5000,0.30581521414704793,2.881443687689823
153.0,47.123,17.839,0.353,0.429,143455,0,5000,0.30565242344339083,2.881387632338512
153.25,47.73,18.521,0.344,0.423,143455,0,5000,0.31224002058471434,2.9189057633681688
153.5,47.087,20.729,0.345,0.431,143455,0,5000,0.30526172575461386,3.031534168433197
153.75,46.456,21.93,0.35,0.46,143455,0,5000,0.298413663487439,3.087856018426045
154.0,43.943,23.2,0.359,0.479,143455,0,5000,0.27114079426808785,3.144152709706654
154.25,40.184,23.198,0.406,0.507,143455,0,5000,0.2303454439316212,3.1440664991312355
154.5,38.298,21.518,0.414,0.51,143455,0,5000,0.20987722612513654,3.0688902588988145
154.75,35.793,20.339,0.442,0.567,143455,0,5000,0.18269117861440257,3.0125407168694944
155.0,33.907,18.17,0.457,0.586,143455,0,5000,0.16222296080791782,2.899772432765661
155.25,33.891,16.54,0.478,0.594,143455,0,5000,0.1620493173906836,2.805782294190284
155.5,37.612,16.232,0.433,0.582,143455,0,5000,0.20243226461121896,2.786985218590352
155.75,39.466,17.497,0.412,0.552,143455,0,5000,0.22255319558323522,2.862030009188867
156.0,40.073,19.584,0.367,0.438,143455,0,5000,0.22914079272455878,2.9747134169507
156.25,40.058,21.918,0.387,0.442,143455,0,5000,0.22897800202090168,3.087308673287104
156.5,40.665,21.917,0.393,0.447,143455,0,5000,0.23556559916222522,3.0872630476663026
156.75,41.9,21.108,0.398,0.45,143455,0,5000,0.24896870042999225,3.0496525892973363
157.0,44.378,20.329,0.402,0.461,143455,0,5000,0.27586172467414344,3.0120489299469178
157.25,46.232,19.214,0.409,0.475,143455,0,5000,0.2959826556461597,2.955639700441247
157.5,44.969,18.16,0.416,0.49,143455,0,5000,0.2822756783982328,2.8992219238337884
157.75,39.963,16.845,0.42,0.5,143455,0,5000,0.22794699423107345,2.8240544705063066
158.0,41.818,15.921,0.427,0.46,143455,0,5000,0.24807877791666683,2.7676396206149203
158.25,44.295,15.624,0.431,0.486,143455,0,5000,0.2749609494472409,2.7488088336151355
158.5,45.526,16.221,0.433,0.522,143455,0,5000,0.2883206398606994,2.786307315552591
158.75,45.51,17.161,0.432,0.502,143455,0,5000,0.28814699644346514,2.842639950136621
159.0,43.625,17.486,0.424,0.477,143455,0,5000,0.26768963135055757,2.861401132644616
159.25,43.609,18.154,0.416,0.48,143455,0,5000,0.2675159879333234,2.8988914729470734
159.5,44.22,18.497,0.412,0.494,143455,0,5000,0.2741469959289554,2.917609097400476
159.75,44.82,18.496,0.398,0.469,143455,0,5000,0.280658624075239,2.91755503314726
160.0,44.812,18.495,0.357,0.441,143455,0,5000,0.2805718023666219,2.917500965970943
160.25,47.29,18.845,0.353,0.431,143455,0,5000,0.30746482661077307,2.9362481573636914
160.5,52.884,18.844,0.359,0.443,143455,0,5000,0.36817490636129035,2.9361950915105473
160.75,52.245,19.935,0.385,0.454,143455,0,5000,0.3612400223854983,2.992477482463491
161.0,50.982,20.312,0.408,0.466,143455,0,5000,0.3475330451375714,3.011212336722067
161.25,50.963,20.311,0.418,0.484,143455,0,5000,0.34732684357960575,3.0111631035532773
161.5,50.951,20.31,0.446,0.505,143455,0,5000,0.3471966110166801,3.0111138679604634
161.75,48.438,19.56,0.451,0.536,143455,0,5000,0.319923741797329,2.9734871758539843
162.0,43.432,18.838,0.463,0.57,143455,0,5000,0.2655950576301697,2.9358766372423997
162.25,40.923,18.142,0.493,0.568,143455,0,5000,0.2383655992651272,2.898230243399744
162.5,39.037,16.828,0.506,0.555,143455,0,5000,0.21789738145864246,2.8230447599757804
162.75,39.649,15.319,0.504,0.583,143455,0,5000,0.22453924216785173,2.7290945408144704
163.0,40.88,14.754,0.502,0.608,143455,0,5000,0.2378989325813102,2.691514910244177
163.25,40.241,14.753,0.458,0.563,143455,0,5000,0.23096404860551817,2.6914471297634384
163.5,37.108,15.032,0.336,0.434,143455,0,5000,0.19696249696834073,2.710181927358415
163.75,33.353,15.031,0.317,0.43,143455,0,5000,0.1562105574861827,2.7101154004425982
164.0,47.05,15.902,0.315,0.428,143455,0,5000,0.3048601753522596,2.7664455163308106
164.25,59.5,17.141,0.312,0.431,143455,0,5000,0.43997645938764396,2.8414738379212845
164.5,61.974,17.466,0.311,0.441,143455,0,5000,0.46682607277748656,2.860256706532314
164.75,63.828,18.827,0.307,0.449,143455,0,5000,0.4869470037495029,2.9352925408945025
165.0,65.059,19.917,0.304,0.447,143455,0,5000,0.5003066941629613,2.991574140488653
165.25,65.043,20.294,0.298,0.449,143455,0,5000,0.5001330507457271,3.0103257686132494
165.5,65.028,20.293,0.29,0.452,143455,0,5000,0.49997026004207007,3.010276491775472
165.75,65.639,19.914,0.282,0.452,143455,0,5000,0.5066012680377021,2.9914235041250516
166.0,66.247,19.913,0.273,0.449,143455,0,5000,0.5131997178926028,2.9913732869609144
166.25,66.854,19.542,0.262,0.447,143455,0,5000,0.5197873150339264,2.9725665072403706
166.5,66.835,19.177,0.236,0.446,143455,0,5000,0.5195811134759607,2.953712165749239
166.75,66.819,18.82,0.176,0.443,143455,0,5000,0.5194074700587266,2.9349206655067204
167.0,65.561,20.671,0.101,0.429,143455,0,5000,0.5057547563786853,3.028732235586514
167.25,60.554,22.705,0.04,0.394,143455,0,5000,0.45141521949794877,3.1225856049814404
167.5,57.422,24.94,0.044,0.278,143455,0,5000,0.4174245205743485,3.2164733412141198
167.75,59.276,26.884,0.159,0.309,143455,0,5000,0.43754545154636476,3.2915316860761075
168.0,60.511,28.441,0.188,0.382,143455,0,5000,0.4509485528141318,3.3478321176659183
168.25,62.989,27.91,0.233,0.41,143455,0,5000,0.47784157705828295,3.3289854058426847
168.5,66.085,25.407,0.263,0.438,143455,0,5000,0.5114415782931062,3.2350251201998113
168.75,67.316,23.567,0.293,0.449,143455,0,5000,0.5248012687065647,3.1598478527280136
169.0,67.928,21.055,0.313,0.449,143455,0,5000,0.531443129415774,3.0471385365603467
169.25,67.908,19.9,0.321,0.427,143455,0,5000,0.5312260751442311,2.9907202342428834
169.5,67.269,19.528,0.324,0.417,143455,0,5000,0.5242911911684393,2.971849845175739
169.75,67.254,19.164,0.326,0.427,143455,0,5000,0.5241284004647822,2.95303404083247
170.0,67.865,18.457,0.327,0.433,143455,0,5000,0.5307594084604141,2.9154442441248665
170.25,67.841,18.113,0.329,0.438,143455,0,5000,0.5304989433345628,2.8966304646002863
170.5,67.202,17.444,0.329,0.444,143455,0,5000,0.5235640593587708,2.858996323243369
170.75,65.936,17.118,0.33,0.449,143455,0,5000,0.5098245239701126,2.840131125639642
171.0,65.924,17.117,0.327,0.448,143455,0,5000,0.5096942914071869,2.8400727059278803
171.25,65.285,17.117,0.325,0.449,143455,0,5000,0.5027594074313948,2.8400727059278803
171.5,65.269,17.116,0.32,0.45,143455,0,5000,0.5025857640141607,2.840014282803056
171.75,65.877,16.796,0.319,0.448,143455,0,5000,0.5091842138690612,2.821141358201622
172.0,67.108,16.795,0.318,0.442,143455,0,5000,0.5225439042825198,2.821081818479381
172.25,68.343,16.482,0.317,0.443,143455,0,5000,0.5359470055502868,2.8022694830634927
172.5,70.816,16.481,0.315,0.45,143455,0,5000,0.5627857662265523,2.8022088090111574
172.75,72.671,15.872,0.313,0.456,143455,0,5000,0.5829175499121457,2.764557180582641
173.0,73.282,15.576,0.312,0.466,143455,0,5000,0.5895485579077777,2.7457319100830464
173.25,74.509,14.722,0.311,0.454,143455,0,5000,0.6028648374669278,2.6893436528918193
173.5,75.113,13.915,0.312,0.44,143455,0,5000,0.6094198764675198,2.6329681136265357
173.75,75.105,13.655,0.313,0.441,143455,0,5000,0.6093330547589028,2.614106487257879
174.0,75.709,13.914,0.315,0.449,143455,0,5000,0.6158880937594949,2.6328962462017804
174.25,76.32,14.719,0.318,0.458,143455,0,5000,0.6225191017551269,2.6891398556041994
174.5,75.058,15.572,0.322,0.459,143455,0,5000,0.6088229772207773,2.7454750719262715
174.75,73.795,15.57,0.323,0.452,143455,0,5000,0.5951159999728503,2.7453466281064585
175.0,73.78,15.57,0.322,0.452,143455,0,5000,0.5949532092691932,2.7453466281064585
175.25,71.263,15.569,0.32,0.451,143455,0,5000,0.5676369291955335,2.7452824000093417
175.5,70.008,15.569,0.32,0.448,143455,0,5000,0.5540167736562237,2.7452824000093417
175.75,69.369,15.278,0.32,0.449,143455,0,5000,0.5470818896804317,2.7264145396548876
176.0,69.973,15.277,0.322,0.449,143455,0,5000,0.5536369286810239,2.72634908396215
176.25,73.07,15.277,0.319,0.449,143455,0,5000,0.5872477826294242,2.72634908396215
176.5,74.309,14.991,0.31,0.448,143455,0,5000,0.6006942947514998,2.707450688096862
176.75,76.163,14.712,0.305,0.446,143455,0,5000,0.6208152257235161,2.6886641670190263
177.0,76.143,14.437,0.305,0.456,143455,0,5000,0.6205981714519734,2.6697950483121184
177.25,75.508,14.168,0.31,0.468,143455,0,5000,0.6137066983304899,2.6509866062962066
177.5,74.242,14.167,0.312,0.45,143455,0,5000,0.5999671629418316,2.650916022262709
177.75,73.603,13.902,0.311,0.446,143455,0,5000,0.5930322789660395,2.6320334339989966
178.0,73.587,13.643,0.307,0.453,143455,0,5000,0.5928586355488054,2.6132273025570867
178.25,73.571,13.389,0.301,0.462,143455,0,5000,0.592684992131571,2.594434221196732
178.5,73.555,13.139,0.295,0.465,143455,0,5000,0.5925113487143369,2.575585667752325
178.75,74.159,12.894,0.294,0.467,143455,0,5000,0.599066387714929,2.5567628624426493
179.0,74.143,12.653,0.294,0.468,143455,0,5000,0.5988927442976947,2.537895131533219
179.25,74.755,12.653,0.294,0.469,143455,0,5000,0.6055346050069039,2.537895131533219
179.5,75.982,12.185,0.292,0.472,143455,0,5000,0.6188508845660539,2.5002065077579982
179.75,76.593,11.517,0.292,0.475,143455,0,5000,0.6254818925616861,2.443825072968064
180.0,79.067,10.886,0.296,0.478,143455,0,5000,0.6523315059515286,2.387478478622646
180.25,82.172,10.484,0.299,0.48,143455,0,5000,0.6860291816085461,2.3498512392951194
180.5,89.013,9.724,0.299,0.486,143455,0,5000,0.7602725951897562,2.2745980848367293
180.75,94.606,9.02,0.295,0.496,143455,0,5000,0.8209718222266963,2.199445442721368
181.0,98.954,8.211,0.289,0.517,143455,0,5000,0.8681594208600978,2.105475936604366
181.25,100.808,7.336,0.289,0.535,143455,0,5000,0.8882803518321142,1.9927950980939109
181.5,98.922,6.079,0.298,0.557,143455,0,5000,0.8678121340256295,1.804841853772635
181.75,97.037,5.231,0.311,0.551,143455,0,5000,0.847354768932722,1.6546043760670137
182.0,97.021,4.254,0.305,0.539,143455,0,5000,0.8471811255154875,1.4478620675040081
182.25,97.629,3.801,0.297,0.555,143455,0,5000,0.8537795753703883,1.3352668208902598
182.5,98.236,3.66,0.289,0.578,143455,0,5000,0.8603671725117118,1.2974658796499796
182.75,98.217,3.525,0.286,0.602,143455,0,5000,0.8601609709537461,1.2598832731396405
183.0,98.197,3.27,0.285,0.617,143455,0,5000,0.8599439166822036,1.1847930430084617
183.25,98.189,3.149,0.292,0.616,143455,0,5000,0.8598570949735863,1.1470881177251506
183.5,98.165,3.09,0.3,0.617,143455,0,5000,0.859596629847735,1.1281743271503721
183.75,98.158,3.033,0.302,0.606,143455,0,5000,0.859520660852695,1.1095555257666203
184.0,98.757,3.033,0.296,0.588,143455,0,5000,0.8660214362854016,1.1095555257666203
184.25,99.369,3.033,0.29,0.571,143455,0,5000,0.8726632969946108,1.1095555257666203
184.5,99.357,3.09,0.288,0.556,143455,0,5000,0.8725330644316851,1.1281743271503721
184.75,99.334,3.148,0.287,0.567,143455,0,5000,0.8722834520194109,1.1467705071701877
185.0,99.326,3.208,0.286,0.587,143455,0,5000,0.8721966303107938,1.1656508072063922
185.25,98.063,3.268,0.284,0.604,143455,0,5000,0.8584896530628667,1.184181236968595
185.5,95.554,3.458,0.282,0.601,143455,0,5000,0.8312601946978244,1.2406932791019145
185.75,92.422,3.658,0.281,0.591,143455,0,5000,0.797269495774224,1.2969192836992183
186.0,87.42,4.018,0.279,0.562,143455,0,5000,0.7429842224613732,1.3907867551900437
186.25,83.66,4.669,0.274,0.532,143455,0,5000,0.7021780194113295,1.540947057772756
186.5,82.398,5.325,0.28,0.526,143455,0,5000,0.6884818948769796,1.6724145895279978
186.75,82.382,5.74,0.323,0.526,143455,0,5000,0.6883082514597455,1.7474609524902363
187.0,82.99,5.959,0.326,0.523,143455,0,5000,0.6949067013146459,1.7849043598973486
187.25,85.467,5.848,0.323,0.522,143455,0,5000,0.7217888728452201,1.7661014324323354
187.5,86.694,5.632,0.319,0.522,143455,0,5000,0.73510515240437,1.7284663944223466
187.75,86.055,5.527,0.314,0.519,143455,0,5000,0.7281702684285782,1.7096469821492901
188.0,86.663,5.527,0.301,0.502,143455,0,5000,0.7347687182834787,1.7096469821492901
188.25,86.647,5.631,0.273,0.499,143455,0,5000,0.7345950748662445,1.7282888221544066
188.5,84.765,5.957,0.27,0.497,143455,0,5000,0.7141702679140683,1.7845686773424723
188.75,79.759,6.302,0.272,0.482,143455,0,5000,0.659841583746909,1.8408686301316657
189.0,80.371,6.543,0.278,0.486,143455,0,5000,0.6664834444561182,1.8783973042373432
189.25,84.714,6.794,0.28,0.507,143455,0,5000,0.7136167795216343,1.9160413416242679
189.5,85.941,6.922,0.284,0.494,143455,0,5000,0.7269330590807843,1.9347061898812796
189.75,85.933,7.053,0.29,0.49,143455,0,5000,0.726846237372167,1.9534544760614185
190.0,85.29,7.186,0.294,0.48,143455,0,5000,0.7198679425420665,1.9721360802851262
190.25,84.032,7.186,0.297,0.471,143455,0,5000,0.7062152288620251,1.9721360802851262
190.5,82.766,7.186,0.29,0.467,143455,0,5000,0.692475693473367,1.9721360802851262
190.75,83.373,7.185,0.278,0.471,143455,0,5000,0.6990632906146904,1.9719969113184677
191.0,85.231,7.185,0.274,0.471,143455,0,5000,0.7192276324410153,1.9719969113184677
191.25,87.709,7.184,0.274,0.47,143455,0,5000,0.7461206566851666,1.9718577229811123
191.5,88.94,7.184,0.279,0.467,143455,0,5000,0.759480347098625,1.9718577229811123
191.75,88.297,7.744,0.288,0.464,143455,0,5000,0.7525020522685244,2.046919641295756
192.0,87.658,8.04,0.28,0.461,143455,0,5000,0.7455671682927323,2.0844303269711957
192.25,87.646,8.192,0.274,0.457,143455,0,5000,0.7454369357298066,2.103159288999532
192.5,88.877,8.039,0.272,0.457,143455,0,5000,0.758796626143265,2.084305941280863
192.75,91.35,7.889,0.273,0.453,143455,0,5000,0.7856353868195307,2.0654706516999295
193.0,93.832,7.598,0.277,0.462,143455,0,5000,0.8125718219179904,2.0278863709003927
193.25,96.305,7.318,0.278,0.476,143455,0,5000,0.839410582594256,1.9903384330896587
193.5,96.29,7.181,0.273,0.504,143455,0,5000,0.8392477918905988,1.9714400416909206
193.75,93.157,7.047,0.273,0.514,143455,0,5000,0.8052462402534213,1.952603413387443
194.0,90.649,6.915,0.359,0.47,143455,0,5000,0.7780276346019561,1.9336944112472738
194.25,89.386,6.786,0.413,0.488,143455,0,5000,0.7643206573540291,1.9148631399831157
194.5,88.12,6.536,0.422,0.505,143455,0,5000,0.7505811219653709,1.8773268875442912
194.75,89.974,6.178,0.31,0.483,143455,0,5000,0.7707020529373869,1.820996213141891
195.0,94.949,5.519,0.294,0.514,143455,0,5000,0.8246943029836549,1.7081984963781724
195.25,102.413,4.93,0.314,0.542,143455,0,5000,0.9056989571234226,1.5953410164501074
195.5,105.514,4.242,0.284,0.545,143455,0,5000,0.9393532219261316,1.445037213518307
195.75,103.624,3.79,0.253,0.534,143455,0,5000,0.9188415932653384,1.3323686576132816
196.0,102.366,3.935,0.226,0.516,143455,0,5000,0.9051888795852971,1.3699134231621986
196.25,100.476,4.404,0.225,0.519,143455,0,5000,0.884677250924504,1.4825154895208892
196.5,98.59,4.747,0.249,0.533,143455,0,5000,0.8642090331180193,1.5575149461606002
196.75,97.951,5.414,0.258,0.544,143455,0,5000,0.8572741491422272,1.688990038253573
197.0,97.94,5.836,0.264,0.552,143455,0,5000,0.8571547692928787,1.7640473441614701
197.25,96.673,5.836,0.266,0.562,143455,0,5000,0.8434043811906432,1.7640473441614701
197.5,95.415,5.413,0.268,0.563,143455,0,5000,0.8297516675106019,1.6888053152175313
197.75,92.275,4.746,0.271,0.55,143455,0,5000,0.7956741468783847,1.5573042650488573
198.0,90.393,4.402,0.272,0.519,143455,0,5000,0.7752493399262085,1.4820612547963739
198.25,87.884,4.008,0.276,0.507,143455,0,5000,0.7480198815611657,1.388294858789431
198.5,88.496,4.32,0.279,0.494,143455,0,5000,0.754661742270375,1.4632577170681547
198.75,92.843,4.835,0.282,0.484,143455,0,5000,0.8018384881901995,1.5758831971554454
199.0,98.437,5.311,0.286,0.501,143455,0,5000,0.8625485679407168,1.6697820243230685
199.25,102.781,5.212,0.29,0.541,143455,0,5000,0.9096927557198101,1.650965577910029
199.5,101.518,4.656,0.281,0.576,143455,0,5000,0.8959857784718831,1.5381588581931531
199.75,98.386,4.006,0.267,0.572,143455,0,5000,0.8619950795482828,1.3877957334961275
200.0,94.011,4.16,0.254,0.542,143455,1,5000,0.8145144576482983,1.4255174781164364
200.25,92.749,4.655,0.248,0.492,143455,0,5000,0.8008183331139486,1.537944058954435
200.5,91.486,5.513,0.241,0.476,143455,0,5000,0.7871113558660215,1.7071107535003327
200.75,88.977,6.055,0.247,0.47,143455,0,5000,0.7598818975009792,1.8008860285313548
201.0,84.591,6.17,0.269,0.476,143455,0,5000,0.712281895751646,1.819700458661526
201.25,81.454,6.054,0.289,0.483,143455,0,5000,0.6782369332601601,1.8007208623986253
201.5,79.576,6.054,0.317,0.488,143455,0,5000,0.6578555371622925,1.8007208623986253
201.75,75.817,6.054,0.195,0.41,143455,0,5000,0.6170601868258259,1.8007208623986253
202.0,74.555,6.054,0.24,0.41,143455,0,5000,0.6033640622914762,1.8007208623986253
202.25,74.543,6.053,0.283,0.433,143455,0,5000,0.6032338297285506,1.8005556689815374
202.5,76.393,6.053,0.3,0.458,143455,0,5000,0.6233113498462581,1.8005556689815374
202.75,78.243,6.053,0.32,0.455,143455,0,5000,0.6433888699639658,1.8005556689815374
203.0,78.859,5.829,0.314,0.457,143455,0,5000,0.6500741415274836,1.7628471746220715
203.25,80.09,5.72,0.285,0.458,143455,0,5000,0.6634338319409422,1.7439705536419265
203.5,80.689,5.72,0.278,0.463,143455,0,5000,0.6699346073736485,1.7439705536419265
203.75,80.682,5.72,0.279,0.482,143455,0,5000,0.6698586383786086,1.7439705536419265
204.0,80.658,5.828,0.286,0.528,143455,0,5000,0.6695981732527573,1.762675604185982
204.25,80.65,5.938,0.26,0.518,143455,0,5000,0.6695113515441402,1.78137406040886
204.5,81.258,5.938,0.25,0.487,143455,0,5000,0.6761098013990408,1.78137406040886
204.75,81.238,5.937,0.241,0.477,143455,0,5000,0.675892747127498,1.7812056396394864
205.0,81.226,5.937,0.249,0.464,143455,0,5000,0.6757625145645724,1.7812056396394864
205.25,81.207,5.826,0.263,0.467,143455,0,5000,0.6755563130066067,1.7623323749792987
205.5,81.814,5.826,0.274,0.47,143455,0,5000,0.6821439101479302,1.7623323749792987
205.75,82.422,5.936,0.283,0.48,143455,0,5000,0.688742360002831,1.7810371904997788
206.0,83.033,5.936,0.288,0.488,143455,0,5000,0.695373367998463,1.7810371904997788
206.25,83.014,5.717,0.289,0.49,143455,0,5000,0.6951671664404974,1.743445941449449
206.5,81.128,5.61,0.288,0.475,143455,0,5000,0.6746989486340127,1.7245525020642105
206.75,78.619,5.403,0.284,0.462,143455,0,5000,0.6474694902689703,1.6869562056838323
207.0,77.361,5.203,0.284,0.448,143455,0,5000,0.633816776588929,1.6492373042744148
207.25,77.337,5.203,0.285,0.445,143455,0,5000,0.6335563114630777,1.6492373042744148
207.5,77.945,5.203,0.289,0.43,143455,0,5000,0.6401547613179782,1.6492373042744148
207.75,79.799,5.106,0.294,0.428,143455,0,5000,0.6602756922899947,1.6304182772975935
208.0,81.034,5.011,0.324,0.502,143455,0,5000,0.6736787935577617,1.6116374915852552
208.25,82.888,4.826,0.343,0.546,143455,0,5000,0.693799724529778,1.5740200393101005
208.5,80.375,4.393,0.371,0.591,143455,0,5000,0.6665268553104269,1.480014641339788
208.75,77.87,3.709,0.401,0.612,143455,0,5000,0.6393408077996929,1.3107649946483326
209.0,74.738,3.314,0.394,0.643,143455,0,5000,0.6053501088760926,1.1981589365013272
209.25,72.229,2.905,0.377,0.613,143455,0,5000,0.5781206505110501,1.0664368326387414
209.5,72.836,2.645,0.374,0.592,143455,0,5000,0.5847082476523736,0.9726748460214524
209.75,77.807,2.547,0.371,0.591,143455,0,5000,0.6386570868443331,0.9349201221772844
210.0,82.15,2.547,0.362,0.579,143455,0,5000,0.6857904219098492,0.9349201221772844
210.25,83.381,2.547,0.344,0.579,143455,0,5000,0.6991501123233077,0.9349201221772844
210.5,83.37,2.595,0.312,0.574,143455,0,5000,0.6990307324739592,0.9535903701749743
210.75,81.48,2.694,0.328,0.516,143455,0,5000,0.6785191038131658,0.99103078993377
211.0,80.218,2.959,0.344,0.467,143455,0,5000,0.6648229792788161,1.0848547529324701
211.25,80.821,3.251,0.367,0.5,143455,0,5000,0.671367165565831,1.17896571729366
211.5,82.06,3.375,0.373,0.527,143455,0,5000,0.6848136776879066,1.2163982872830665
211.75,84.538,3.707,0.375,0.553,143455,0,5000,0.7117067019320577,1.3102256217640935
212.0,87.015,3.996,0.349,0.558,143455,0,5000,0.7385888734626317,1.3852963632856783
212.25,90.731,4.149,0.32,0.507,143455,0,5000,0.7789175571152814,1.4228697515671562
212.5,92.593,4.389,0.296,0.461,143455,0,5000,0.7991253097959148,1.4791036891268323
212.75,95.071,4.148,0.287,0.455,143455,0,5000,0.8260183340400661,1.4226287011647605
213.0,97.549,3.848,0.288,0.479,143455,0,5000,0.8529113582842174,1.347556131552682
213.25,96.906,3.569,0.335,0.488,143455,0,5000,0.8459330634541168,1.2722882464093936
213.5,95.02,3.311,0.313,0.563,143455,0,5000,0.8254648456476318,1.1972532787961268
213.75,93.134,3.189,0.288,0.556,143455,0,5000,0.8049966278411471,1.1597105238022452
214.0,91.252,3.014,0.279,0.551,143455,0,5000,0.7845718208889709,1.1032714180488328
214.25,88.116,2.958,0.277,0.549,143455,0,5000,0.750537711111062,1.0845167449455035
214.5,86.858,2.957,0.275,0.529,143455,0,5000,0.7368849974310211,1.0841786226705061
214.75,84.972,2.902,0.271,0.495,143455,0,5000,0.7164167796245361,1.0654036003554388
215.0,84.956,2.902,0.27,0.499,143455,0,5000,0.716243136207302,1.0654036003554388
215.25,84.937,2.902,0.286,0.477,143455,0,5000,0.7160369346493363,1.0654036003554388
215.5,87.406,3.013,0.303,0.476,143455,0,5000,0.7428322844712933,1.1029395790938679
215.75,89.265,3.128,0.292,0.505,143455,0,5000,0.7630074790111951,1.1403970196089008
216.0,90.499,3.436,0.278,0.531,143455,0,5000,0.7763997275653851,1.2343109144786586
216.25,92.973,3.567,0.265,0.538,143455,0,5000,0.8032493409552276,1.2717277098491355
216.5,93.581,3.635,0.259,0.534,143455,0,5000,0.8098477908101284,1.2906118620133353
216.75,94.192,3.567,0.253,0.525,143455,0,5000,0.8164787988057604,1.2717277098491355
217.0,94.796,3.308,0.247,0.504,143455,0,5000,0.8230338378063526,1.1963468001314828
217.25,96.027,3.186,0.241,0.498,143455,0,5000,0.836393528219811,1.1587693502148833
217.5,96.007,3.247,0.241,0.493,143455,0,5000,0.8361764739482686,1.1777345728819042
217.75,95.999,3.308,0.264,0.489,143455,0,5000,0.8360896522396513,1.1963468001314828
218.0,92.867,3.308,0.274,0.481,143455,0,5000,0.802098953316051,1.1963468001314828
218.25,86.618,3.246,0.267,0.466,143455,0,5000,0.7342803461725075,1.17742654980238
218.5,85.975,3.37,0.264,0.459,143455,0,5000,0.7273020513424069,1.2149157117189182
218.75,89.703,4.222,0.258,0.474,143455,0,5000,0.7677609675579823,1.4403113179690368
219.0,92.181,4.466,0.25,0.482,143455,0,5000,0.7946539918021334,1.4964953925556295
219.25,92.788,4.637,0.24,0.48,143455,0,5000,0.8012415889434569,1.534069761973744
219.5,91.526,4.637,0.213,0.47,143455,0,5000,0.7875454644091071,1.534069761973744
219.75,90.263,4.55,0.162,0.454,143455,0,5000,0.7738384871611804,1.5151294307626415
220.0,88.378,4.55,0.122,0.434,143455,0,5000,0.7533811220682726,1.5151294307626415
220.25,88.362,4.905,0.178,0.408,143455,0,5000,0.7532074786510384,1.590257131751232
220.5,87.723,5.49,0.273,0.375,143455,0,5000,0.7462725946752463,1.702930077013405
220.75,82.097,7.554,0.336,0.328,143455,0,5000,0.6852152280902607,2.022078548091348
221.0,65.868,9.115,0.369,0.289,143455,0,5000,0.509086539446867,2.2099225052227287
221.25,59.0,10.011,0.407,0.227,143455,0,5000,0.4345501025990743,2.3036854873380563
221.5,49.634,9.286,0.407,0.206,143455,0,5000,0.3329035872355876,2.228508966487092
221.75,40.269,10.591,0.396,0.209,143455,0,5000,0.23126792458567805,2.36000552805899
222.0,40.249,12.778,0.379,0.215,143455,0,5000,0.23105087031413532,2.5477257247749305
222.25,40.861,14.573,0.363,0.222,143455,0,5000,0.2376927310233445,2.679171187751832
222.5,42.707,17.917,0.361,0.227,143455,0,5000,0.2577268402867437,2.885750540946756
222.75,43.322,21.215,0.355,0.227,143455,0,5000,0.2644012591366844,3.0547089500187776
223.0,46.419,22.026,0.344,0.231,143455,0,5000,0.29801211308508474,3.0922240277515476
223.25,50.148,21.615,0.333,0.238,143455,0,5000,0.33848188201423723,3.073387980761172
223.5,56.984,21.212,0.325,0.247,143455,0,5000,0.4126710320275615,3.054567530706038
223.75,62.582,20.048,0.317,0.248,143455,0,5000,0.47342452263238727,2.998129896956461
224.0,71.916,19.308,0.304,0.252,143455,0,5000,0.5747237511614055,2.9605200357181456
224.25,75.009,17.25,0.288,0.28,143455,0,5000,0.6082911942554974,2.847812723187346
224.5,75.001,14.566,0.271,0.339,143455,0,5000,0.6082043725468803,2.6786907323257636
224.75,74.982,12.771,0.266,0.34,143455,0,5000,0.6079981709889146,2.5471777585378574
225.0,75.589,11.626,0.266,0.336,143455,0,5000,0.6145857681302381,2.453244829419852
225.25,76.197,10.988,0.264,0.327,143455,0,5000,0.6211842179851389,2.396804678316341
225.5,77.428,10.988,0.261,0.32,143455,0,5000,0.6345439083985973,2.396804678316341
225.75,79.286,10.987,0.26,0.308,143455,0,5000,0.6547082502249222,2.39671366588489
226.0,83.01,10.986,0.259,0.302,143455,0,5000,0.6951237555861889,2.3966226451694226
226.25,85.484,11.194,0.259,0.298,143455,0,5000,0.7219733689760314,2.4153788138044843
226.5,87.961,11.406,0.26,0.292,143455,0,5000,0.7488555405066055,2.4341404094655075
226.75,90.439,11.842,0.279,0.282,143455,0,5000,0.7757485647507567,2.4716533785611787
227.0,92.916,12.066,0.3,0.272,143455,0,5000,0.8026307362813309,2.490392408793297
227.25,93.528,12.065,0.313,0.26,143455,0,5000,0.80927259699054,2.4903095279204144
227.5,90.395,12.064,0.324,0.247,143455,0,5000,0.7752710453533626,2.4902266401777235
227.75,85.393,12.064,0.339,0.23,143455,0,5000,0.720985772040512,2.4902266401777235
228.0,79.144,12.525,0.348,0.217,143455,0,5000,0.6531671648969685,2.5277274453738032
228.25,71.025,12.762,0.352,0.218,143455,0,5000,0.5650539833641745,2.54647278902209
228.5,69.136,12.761,0.355,0.248,143455,0,5000,0.5445532074169582,2.546394428389178
228.75,73.487,12.76,0.348,0.286,143455,0,5000,0.5917733641910913,2.5463160616153964
229.0,82.198,13.001,0.319,0.325,143455,0,5000,0.6863113521615517,2.565027046751338
229.25,90.909,13.248,0.271,0.349,143455,0,5000,0.7808493401320122,2.5838473524735366
229.5,89.023,13.498,0.279,0.358,143455,0,5000,0.7603811223255276,2.6025422671714367
229.75,67.811,13.753,0.285,0.369,143455,0,5000,0.5301733619272487,2.6212577092463905
230.0,59.688,5.689,0.279,0.353,143455,0,5000,0.4420167695401462,1.7385362435451337
230.25,74.636,4.627,0.261,0.341,143455,0,5000,0.6042431320912244,1.5319108711501042
230.5,80.853,4.133,0.247,0.337,143455,0,5000,0.6717144524002994,1.4190059550766319
230.75,87.07,3.834,0.244,0.339,143455,0,5000,0.7391857727093745,1.3439112528620962
231.0,89.548,3.692,0.247,0.34,143455,0,5000,0.7660787969535258,1.3061710251959842
231.25,72.695,3.762,0.272,0.346,143455,0,5000,0.5831780150379969,1.3249533890358587
231.5,60.213,4.055,0.28,0.351,143455,0,5000,0.44771444416814427,1.3999531536555807
231.75,56.465,4.29,0.273,0.352,143455,0,5000,0.4070384736810262,1.4562890639395398
232.0,50.84,4.454,0.262,0.352,143455,0,5000,0.34599195980961767,1.4938048140055336
232.25,46.461,4.371,0.261,0.353,143455,0,5000,0.2984679270553246,1.4749941036845544
232.5,42.082,4.21,0.285,0.352,143455,0,5000,0.25094389430103164,1.437465022988381
232.75,38.322,3.979,0.292,0.347,143455,0,5000,0.21013769125098788,1.3810330446359034
233.0,36.437,3.691,0.302,0.346,143455,0,5000,0.18968032615808025,1.305900133337066
233.25,35.802,3.622,0.305,0.346,143455,0,5000,0.1827888530365968,1.2870291203629873
233.5,35.163,3.554,0.305,0.35,143455,0,5000,0.17585396906080478,1.2680765434595083
233.75,37.009,3.488,0.306,0.353,143455,0,5000,0.19588807832420396,1.2493313730151006
234.0,38.24,3.423,0.308,0.357,143455,0,5000,0.20924776873766246,1.2305202809577453
234.25,37.601,3.359,0.308,0.363,143455,0,5000,0.20231288476187043,1.2116462877022351
234.5,37.589,3.296,0.308,0.37,143455,0,5000,0.20218265219894474,1.1927126460232051
234.75,36.946,3.235,0.31,0.368,143455,0,5000,0.19520435736884417,1.1740320191381943
235.0,36.303,3.235,0.311,0.357,143455,0,5000,0.18822606253874358,1.1740320191381943
235.25,36.291,3.174,0.312,0.349,143455,0,5000,0.18809582997581792,1.154995772697868
235.5,36.272,3.115,0.313,0.349,143455,0,5000,0.18788962841785228,1.1362323625071369
235.75,36.264,3.0,0.313,0.349,143455,0,5000,0.18780280670923521,1.0986156219958876
236.0,37.495,2.944,0.312,0.349,143455,0,5000,0.20116249712269363,1.0797725975999914
236.25,37.479,2.836,0.307,0.349,143455,0,5000,0.2009888537054594,1.0423981347567532
236.5,36.84,2.835,0.299,0.349,143455,0,5000,0.19405396972966746,1.042045464510355
236.75,35.578,2.835,0.29,0.349,143455,0,5000,0.18035784519531764,1.042045464510355
237.0,36.185,2.835,0.288,0.349,143455,0,5000,0.1869454423366412,1.042045464510355
237.25,37.416,2.835,0.29,0.349,143455,0,5000,0.20030513275009962,1.042045464510355
237.5,36.15,2.782,0.294,0.351,143455,0,5000,0.1865655973614413,1.0231736880310958
237.75,34.26,2.73,0.297,0.348,143455,0,5000,0.166053968700648,1.0043052721938226
238.0,33.629,2.679,0.298,0.35,143455,0,5000,0.1592059064334731,0.9854473232916006
238.25,32.99,2.629,0.3,0.346,143455,0,5000,0.15227102245768112,0.9666073494681632
238.5,34.844,2.58,0.3,0.342,143455,0,5000,0.17239195342969738,0.9477932748950068
238.75,40.438,2.532,0.289,0.34,143455,0,5000,0.23310203318021464,0.9290134537212081
239.0,48.526,2.485,0.281,0.35,143455,0,5000,0.32087878059211733,0.9102766836853644
239.25,49.756,2.485,0.286,0.354,143455,0,5000,0.3342276182919986,0.9102766836853644
239.5,50.364,2.532,0.292,0.355,143455,0,5000,0.34082606814689925,0.9290134537212081
239.75,50.348,2.628,0.299,0.359,143455,0,5000,0.34065242472966506,0.9662269057901626
240.0,49.086,2.729,0.305,0.367,143455,0,5000,0.32695630019531524,1.003938906065402
240.25,47.82,2.729,0.31,0.366,143455,0,5000,0.31321676480665694,1.003938906065402
240.5,45.93,2.729,0.311,0.366,143455,0,5000,0.29270513614586363,1.003938906065402
240.75,43.425,2.728,0.31,0.366,143455,0,5000,0.2655190886351297,1.0035724056636468
241.0,40.297,2.628,0.309,0.367,143455,0,5000,0.23157180056583795,0.9662269057901626
241.25,37.157,2.628,0.308,0.369,143455,0,5000,0.19749427993362054,0.9662269057901626
241.5,38.387,2.53,0.305,0.367,143455,0,5000,0.21084311763350191,0.9282232553007874
241.75,41.488,2.483,0.298,0.365,143455,0,5000,0.24449738243621089,0.909471533904146
242.0,44.593,2.483,0.276,0.367,143455,0,5000,0.2781950580932284,0.909471533904146
242.25,53.304,2.437,0.263,0.38,143455,0,5000,0.3727330460636889,0.890771878040477
242.5,58.902,2.391,0.288,0.377,143455,0,5000,0.43348653666851467,0.8717158708179227
242.75,52.645,2.391,0.296,0.375,143455,0,5000,0.3655811078163541,0.8717158708179227
243.0,48.893,2.347,0.297,0.372,143455,0,5000,0.3248617264749274,0.8531421776182244
243.25,62.59,2.347,0.26,0.385,143455,0,5000,0.47351134434100445,0.8531421776182244
243.5,87.511,2.391,0.241,0.427,143455,0,5000,0.7439718193968929,0.8717158708179227
243.75,83.755,2.482,0.282,0.445,143455,0,5000,0.7032090272011577,0.909068715783163
244.0,73.763,2.676,0.313,0.471,143455,0,5000,0.5947687131383819,0.9843268791797771
244.25,56.294,2.778,0.325,0.435,143455,0,5000,0.4051826596593353,1.021734844037696
244.5,51.292,2.778,0.329,0.404,143455,0,5000,0.3508973863464846,1.021734844037696
244.75,45.043,2.726,0.324,0.369,143455,0,5000,0.2830787792029411,1.002839001646189
245.0,46.27,2.675,0.32,0.366,143455,0,5000,0.29639505876209105,0.9839531186587394
245.25,48.744,2.576,0.312,0.363,143455,0,5000,0.32324467215193364,0.94624169022215
245.5,51.225,2.435,0.308,0.353,143455,0,5000,0.35017025453681627,0.8899508633023011
245.75,53.083,2.302,0.307,0.348,143455,0,5000,0.37033459636314103,0.833782654338909
246.0,54.314,2.259,0.307,0.356,143455,0,5000,0.38369428677659956,0.8149266642135627
246.25,54.299,2.259,0.308,0.358,143455,0,5000,0.38353149607294246,0.8149266642135627
246.5,53.036,2.301,0.315,0.354,143455,0,5000,0.36982451882501555,0.8333481569803347
246.75,50.527,2.345,0.319,0.348,143455,0,5000,0.342595060459973,0.8522896662814744
247.0,46.768,2.389,0.313,0.345,143455,0,5000,0.30179971012350637,0.8708790541867326
247.25,45.505,2.389,0.307,0.35,143455,0,5000,0.28809273287557946,0.8708790541867326
247.5,44.866,2.434,0.312,0.353,143455,0,5000,0.28115784889978745,0.8895401030203305
247.75,44.227,2.389,0.317,0.355,143455,0,5000,0.2742229649239954,0.8708790541867326
248.0,42.965,2.389,0.319,0.355,143455,0,5000,0.2605268403896457,0.8708790541867326
248.25,42.953,2.3,0.321,0.357,143455,0,5000,0.26039660782672,0.8329134707517392
248.5,42.306,2.216,0.317,0.362,143455,0,5000,0.2533749021423108,0.7957082815102346
248.75,42.291,2.174,0.311,0.363,143455,0,5000,0.2532121114386537,0.7765733885044459
249.0,42.894,2.174,0.307,0.366,143455,0,5000,0.2597562977256687,0.7765733885044459
249.25,43.51,2.174,0.304,0.366,143455,0,5000,0.2664415692891865,0.7765733885044459
249.5,43.49,2.257,0.293,0.364,143455,0,5000,0.26622451501764377,0.8140409284857517
249.75,43.474,2.343,0.284,0.363,143455,0,5000,0.2660508716004095,0.8514364275489876
250.0,43.459,2.433,0.28,0.363,143455,0,5000,0.2658880808967525,0.8891291739450145
250.25,42.823,2.433,0.298,0.362,143455,0,5000,0.25898575506169186,0.8891291739450145
250.5,42.184,2.479,0.315,0.362,143455,0,5000,0.2520508710858998,0.9078592869295483
250.75,40.918,2.387,0.32,0.362,143455,0,5000,0.23831133569724147,0.8700415367069458
251.0,39.652,2.256,0.326,0.363,143455,0,5000,0.22457180030858315,0.8135977662501018
251.25,39.644,2.133,0.333,0.365,143455,0,5000,0.224484978599966,0.7575341277107601
251.5,39.001,2.016,0.334,0.363,143455,0,5000,0.21750668376986543,0.7011203105142803
251.75,38.985,1.941,0.333,0.365,143455,0,5000,0.2173330403526312,0.6632084561571155
252.0,40.216,1.905,0.293,0.363,143455,0,5000,0.2306927307660897,0.6444872579087186
252.25,43.321,2.015,0.256,0.349,143455,0,5000,0.2643904064231072,0.7006241581654882
252.5,49.538,2.173,0.238,0.337,143455,0,5000,0.3318617267321822,0.7761133031965155
252.75,57.002,2.432,0.235,0.339,143455,0,5000,0.41286638087195,0.8887180759375722
253.0,65.09,2.671,0.235,0.342,143455,0,5000,0.5006431282838527,0.9824566780369516
253.25,67.567,2.826,0.237,0.343,143455,0,5000,0.5275252998144266,1.0388658228264926
253.5,63.184,3.046,0.248,0.347,143455,0,5000,0.4799578562058251,1.1138325374616715
253.75,61.303,3.283,0.275,0.357,143455,0,5000,0.45954390196722605,1.1887606845093337
254.0,57.547,3.409,0.293,0.376,143455,0,5000,0.41878110977149086,1.2264219265630212
254.25,54.411,3.283,0.302,0.378,143455,0,5000,0.3847469999935821,1.1887606845093337
254.5,53.148,2.988,0.31,0.372,143455,0,5000,0.3710400227456552,1.0946076139851848
254.75,50.643,2.878,0.315,0.361,143455,0,5000,0.34385397523492117,1.057099083094303
255.0,46.264,2.571,0.316,0.361,143455,0,5000,0.2963299424806282,0.9442988178133334
255.25,42.509,2.385,0.319,0.366,143455,0,5000,0.2555780029984701,0.8692033172036319
255.5,43.74,2.297,0.322,0.373,143455,0,5000,0.2689376934119286,0.831608277202056
255.75,48.711,2.131,0.324,0.384,143455,0,5000,0.32288653260388805,0.7565960457380365
256.0,50.565,2.052,0.325,0.388,143455,0,5000,0.3430074635759043,0.7188198005909957
256.25,43.689,2.014,0.325,0.382,143455,0,5000,0.2683842050194945,0.7001277595273406
256.5,40.556,1.903,0.326,0.378,143455,0,5000,0.23438265338231704,0.643436843160952
256.75,41.164,1.903,0.327,0.37,143455,0,5000,0.24098110323721778,0.643436843160952
257.0,41.768,1.868,0.327,0.364,143455,0,5000,0.2475361422378099,0.6248736931113799
257.25,41.129,1.868,0.327,0.358,143455,0,5000,0.24060125826201784,0.6248736931113799
257.5,40.489,1.765,0.327,0.353,143455,0,5000,0.23365552157264868,0.5681563560915895
257.75,40.47,1.7,0.326,0.365,143455,0,5000,0.23344932001468305,0.5306341333978106
258.0,39.839,1.7,0.324,0.377,143455,0,5000,0.22660125774750817,0.5306341333978106
258.25,39.819,1.637,0.316,0.371,143455,0,5000,0.2263842034759654,0.4928714071058314
258.5,40.431,1.607,0.318,0.368,143455,0,5000,0.2330260641851746,0.47437530951137197
258.75,42.285,1.577,0.323,0.365,143455,0,5000,0.25314699515719086,0.45553064911488633
259.0,44.135,1.547,0.325,0.365,143455,0,5000,0.2732245152748986,0.4363240356941479
259.25,45.989,1.547,0.328,0.364,143455,0,5000,0.29334544624691483,0.4363240356941479
259.5,47.843,1.547,0.321,0.364,143455,0,5000,0.31346637721893117,0.4363240356941479
259.75,50.948,1.547,0.311,0.363,143455,0,5000,0.34716405287594865,0.4363240356941479
260.0,54.672,1.547,0.29,0.363,143455,0,5000,0.3875795582372154,0.4363240356941479
260.25,59.639,1.547,0.289,0.365,143455,0,5000,0.44148498657486634,0.4363240356941479
260.5,62.117,1.576,0.295,0.367,143455,0,5000,0.4683780108190175,0.4548963365932219
260.75,59.612,1.699,0.305,0.368,143455,0,5000,0.4411919633082836,0.5300457284876591
261.0,54.609,1.797,0.329,0.37,143455,0,5000,0.38689583728185567,0.5861241726162111
261.25,50.854,1.797,0.33,0.374,143455,0,5000,0.34614389779969756,0.5861241726162111
261.5,47.098,1.764,0.333,0.38,143455,0,5000,0.30538110560396237,0.5675896265027717
261.75,43.339,1.731,0.337,0.39,143455,0,5000,0.2645857552674957,0.5487050531848956
262.0,40.83,1.667,0.341,0.398,143455,0,5000,0.2373562969024532,0.5110316025509042
262.25,41.437,1.605,0.345,0.392,143455,0,5000,0.24394389404377675,0.4731299870921646
262.5,43.919,1.575,0.346,0.379,143455,0,5000,0.2708803291422365,0.45426162146378946
262.75,49.513,1.636,0.335,0.374,143455,0,5000,0.33159040889275376,0.4922603506313119
263.0,56.353,1.667,0.321,0.386,143455,0,5000,0.40582296976038656,0.5110316025509042
263.25,51.975,1.666,0.313,0.392,143455,0,5000,0.35830978971967076,0.510431546127597
263.5,44.475,1.635,0.318,0.39,143455,0,5000,0.27691443789112596,0.49164892053846393
263.75,39.473,1.635,0.321,0.388,143455,0,5000,0.22262916457827517,0.49164892053846393
264.0,35.094,1.635,0.324,0.391,143455,0,5000,0.1751051318239822,0.49164892053846393
264.25,31.335,1.635,0.329,0.396,143455,0,5000,0.13430978148751557,0.49164892053846393
264.5,33.193,1.635,0.336,0.4,143455,0,5000,0.15447412331384036,0.49164892053846393
264.75,35.047,1.635,0.346,0.411,143455,0,5000,0.17459505428585662,0.49164892053846393
265.0,36.901,1.604,0.355,0.423,143455,0,5000,0.19471598525787295,0.47250674383885405
265.25,36.885,1.575,0.354,0.416,143455,0,5000,0.19454234184063865,0.45426162146378946
265.5,37.493,1.545,0.345,0.405,143455,0,5000,0.2011407916955394,0.4350303828206717
265.75,38.101,1.516,0.335,0.393,143455,0,5000,0.20773924155044007,0.41608188350449304
266.0,38.085,1.516,0.332,0.379,143455,0,5000,0.20756559813320585,0.41608188350449304
266.25,38.692,1.516,0.328,0.367,143455,0,5000,0.2141531952745294,0.41608188350449304
266.5,38.673,1.516,0.326,0.368,143455,0,5000,0.21394699371656378,0.41608188350449304
266.75,38.653,1.516,0.325,0.372,143455,0,5000,0.21372993944502094,0.41608188350449304
267.0,38.645,1.545,0.32,0.378,143455,0,5000,0.21364311773640388,0.4350303828206717
267.25,38.626,1.545,0.317,0.382,143455,0,5000,0.21343691617843819,0.4350303828206717
267.5,37.987,1.516,0.326,0.387,143455,0,5000,0.2065020322026462,0.41608188350449304
267.75,37.347,1.487,0.337,0.389,143455,0,5000,0.19955629551327705,0.39676739240496867
268.0,37.332,1.487,0.332,0.385,143455,0,5000,0.19939350480961995,0.39676739240496867
268.25,39.186,1.46,0.325,0.375,143455,0,5000,0.2195144357816362,0.37844328501185714
268.5,41.04,1.406,0.327,0.371,143455,0,5000,0.23963536675365246,0.3407559057387137
268.75,41.025,1.406,0.333,0.367,143455,0,5000,0.23947257604999536,0.3407559057387137
269.0,40.389,1.379,0.337,0.372,143455,0,5000,0.23257025021493483,0.32136585041648896
269.25,40.374,1.354,0.339,0.379,143455,0,5000,0.23240745951127773,0.30307055998718274
269.5,40.981,1.354,0.342,0.388,143455,0,5000,0.23899505665260126,0.30307055998718274
269.75,40.962,1.354,0.343,0.389,143455,0,5000,0.23878885509463565,0.30307055998718274
270.0,39.072,1.354,0.342,0.382,143455,0,5000,0.21827722643384237,0.30307055998718274
270.25,37.19,1.353,0.335,0.37,143455,0,5000,0.19785241948166615,0.30233174014433856
270.5,35.305,1.353,0.335,0.372,143455,0,5000,0.17739505438875858,0.30233174014433856
270.75,34.662,1.353,0.339,0.375,143455,0,5000,0.170416759558658,0.30233174014433856
271.0,34.023,1.353,0.346,0.374,143455,0,5000,0.16348187558286603,0.30233174014433856
271.25,33.38,1.353,0.346,0.37,143455,0,5000,0.15650358075276546,0.30233174014433856
271.5,33.372,1.353,0.346,0.367,143455,0,5000,0.1564167590441483,0.30233174014433856
271.75,32.725,1.328,0.347,0.364,143455,0,5000,0.1493950533597392,0.28368158114637293
272.0,32.717,1.328,0.346,0.352,143455,0,5000,0.14930823165112206,0.28368158114637293
272.25,32.078,1.328,0.358,0.347,143455,0,5000,0.1423733476753301,0.28368158114637293
272.5,31.431,1.328,0.361,0.349,143455,0,5000,0.13535164199092095,0.28368158114637293
272.75,30.8,1.328,0.364,0.362,143455,0,5000,0.12850357972374604,0.28368158114637293
273.0,30.784,1.327,0.385,0.375,143455,0,5000,0.1283299363065118,0.28292829111670287
273.25,30.768,1.327,0.396,0.388,143455,0,5000,0.1281562928892776,0.28292829111670287
273.5,30.753,1.353,0.387,0.398,143455,0,5000,0.1279935021856205,0.30233174014433856
273.75,32.607,1.404,0.34,0.399,143455,0,5000,0.14811443315763675,0.33933242808537695
274.0,36.954,1.514,0.319,0.393,143455,0,5000,0.1952911790774613,0.4147617600132591
274.25,45.042,1.601,0.269,0.384,143455,0,5000,0.28306792648936396,0.47063468009126075
274.5,58.115,1.792,0.245,0.377,143455,0,5000,0.42494545108330606,0.5833378948943115
274.75,69.943,1.896,0.283,0.371,143455,0,5000,0.5533113472737097,0.6397516780805246
275.0,74.286,1.896,0.305,0.363,143455,0,5000,0.6004446823392257,0.6397516780805246
275.25,78.014,1.896,0.315,0.343,143455,0,5000,0.640903598554801,0.6397516780805246
275.5,76.129,1.896,0.323,0.364,143455,0,5000,0.6204462334618934,0.6397516780805246
275.75,62.4,1.896,0.33,0.397,143455,0,5000,0.47144932876134793,0.6397516780805246
276.0,51.165,1.792,0.339,0.413,143455,0,5000,0.34951909172218787,0.5833378948943115
276.25,43.046,1.726,0.352,0.419,143455,0,5000,0.2614059101893939,0.5458123863872104
276.5,37.42,1.693,0.357,0.42,143455,0,5000,0.20034854360440824,0.5265080098080962
276.75,31.791,1.662,0.357,0.418,143455,0,5000,0.1392586188786911,0.5080277132623273
277.0,29.274,1.631,0.357,0.414,143455,0,5000,0.11194233880503149,0.48919945482792904
277.25,28.639,1.6,0.358,0.411,143455,0,5000,0.105050865683548,0.47000987922620446
277.5,28.004,1.6,0.358,0.402,143455,0,5000,0.09815939256206457,0.47000987922620446
277.75,27.984,1.57,0.353,0.39,143455,0,5000,0.09794233829052179,0.45108198876668365
278.0,27.968,1.57,0.35,0.384,143455,0,5000,0.09776869487328754,0.45108198876668365
278.25,29.823,1.6,0.344,0.391,143455,0,5000,0.11790047855888096,0.47000987922620446
278.5,32.928,1.693,0.334,0.397,143455,0,5000,0.15159815421589845,0.5265080098080962
278.75,38.522,1.757,0.317,0.397,143455,0,5000,0.2123082339664157,0.5636135007083992
279.0,42.246,1.894,0.288,0.386,143455,0,5000,0.2527237393276825,0.6386962745809937
279.25,47.216,2.16,0.248,0.374,143455,0,5000,0.3066617258060648,0.7701128513149866
279.5,54.057,2.418,0.221,0.388,143455,0,5000,0.38090513938727477,0.8829448878333462
279.75,70.875,2.863,0.194,0.408,143455,0,5000,0.5634260763276034,1.0518735189495567
280.0,84.572,3.327,0.189,0.447,143455,0,5000,0.7120756941936806,1.202074002742673
280.25,105.125,3.724,0.192,0.462,143455,0,5000,0.9351315163446245,1.3148010446958556
280.5,108.849,4.09,0.193,0.46,143455,0,5000,0.9755470217058912,1.4085474150394963
280.75,110.7,4.247,0.197,0.458,143455,0,5000,0.9956353945371761,1.4462152059316113
281.0,111.307,4.327,0.206,0.463,143455,0,5000,1.0022229916784997,1.4648767723101026
281.25,110.041,4.327,0.211,0.469,143455,0,5000,0.9884834562898414,1.4648767723101026
281.5,108.787,4.327,0.224,0.48,143455,0,5000,0.9748741534641088,1.4648767723101026
281.75,105.027,4.167,0.232,0.497,143455,0,5000,0.9340679504140648,1.4271987522454521
282.0,102.522,4.013,0.231,0.505,143455,0,5000,0.9068819029033309,1.3895415831829956
282.25,103.126,3.865,0.225,0.495,143455,0,5000,0.9134369419039232,1.35196426935816
282.5,106.226,3.793,0.221,0.486,143455,0,5000,0.9470803539930549,1.3331598991388256
282.75,111.197,3.793,0.204,0.482,143455,0,5000,1.0010291931850144,1.3331598991388256
283.0,114.921,3.792,0.197,0.473,143455,0,5000,1.041444698546281,1.3328962215201
283.25,116.776,3.792,0.193,0.468,143455,0,5000,1.0615764822318743,1.3328962215201
283.5,116.76,3.864,0.188,0.466,143455,0,5000,1.0614028388146401,1.3517055043386412
283.75,114.251,3.864,0.185,0.465,143455,0,5000,1.0341733804495978,1.3517055043386412
284.0,109.249,3.721,0.184,0.461,143455,0,5000,0.979888107136747,1.3139951368104845
284.25,101.753,3.452,0.196,0.457,143455,0,5000,0.8985361661625108,1.2389566700883645
284.5,88.025,3.202,0.232,0.448,143455,0,5000,0.7495501141755426,1.163778737617741
284.75,78.659,3.026,0.287,0.377,143455,0,5000,0.6479035988120558,1.1072449200533672
285.0,56.204,2.755,0.291,0.344,143455,0,5000,0.4042059154373928,1.0134210723623556
285.25,40.602,2.555,0.285,0.339,143455,0,5000,0.23488187820686543,0.9380561375423334
285.5,34.968,2.326,0.279,0.331,143455,0,5000,0.1737376899132627,0.8441543533133704
285.75,32.464,2.117,0.276,0.327,143455,0,5000,0.14656249511610583,0.7500047158071361
286.0,31.201,1.856,0.282,0.326,143455,0,5000,0.1328555178681789,0.6184290222805285
286.25,30.566,1.755,0.29,0.326,143455,0,5000,0.12596404474669542,0.5624745549072936
286.5,31.166,1.722,0.288,0.324,143455,0,5000,0.13247567289297904,0.5434922131896065
286.75,31.781,1.722,0.285,0.329,143455,0,5000,0.13915009174291967,0.5434922131896065
287.0,37.999,1.754,0.282,0.329,143455,0,5000,0.2066322647655719,0.5619045951880152
287.25,67.278,1.788,0.282,0.341,143455,0,5000,0.5243888655906335,0.5811032695768459
287.5,75.362,1.787,0.304,0.364,143455,0,5000,0.6121222021482274,0.5805438321325346
287.75,74.1,1.627,0.31,0.392,143455,0,5000,0.5984260776138777,0.4867439744995122
288.0,70.348,1.538,0.319,0.397,143455,0,5000,0.5577066962724511,0.43048937301289986
288.25,60.983,1.454,0.328,0.38,143455,0,5000,0.4560710336225415,0.37432525666676936
288.5,46.631,1.426,0.332,0.374,143455,0,5000,0.3003128883634383,0.35488033459023677
288.75,36.642,1.426,0.332,0.385,143455,0,5000,0.19190513244139387,0.35488033459023677
289.0,34.752,1.453,0.331,0.384,143455,0,5000,0.1713935037806006,0.37363726687691995
289.25,33.49,1.481,0.328,0.38,143455,0,5000,0.15769737924625077,0.39272428745732907
289.5,31.604,1.537,0.324,0.373,143455,0,5000,0.13722916143976605,0.4298389707161655
289.75,30.342,1.657,0.322,0.368,143455,0,5000,0.12353303690541623,0.5050147734292328
290.0,30.326,1.721,0.317,0.357,143455,0,5000,0.12335939348818202,0.5429113277877681
290.25,30.311,1.753,0.305,0.344,143455,0,5000,0.12319660278452492,0.561334310429387
290.5,29.671,1.786,0.291,0.336,143455,0,5000,0.11625086609515577,0.5799840815427758
290.75,30.279,1.82,0.28,0.333,143455,0,5000,0.12284931595005646,0.5988419955791038
291.0,30.887,1.855,0.28,0.333,143455,0,5000,0.12944776580495718,0.6178900868804476
291.25,32.117,1.89,0.282,0.34,143455,0,5000,0.14279660350483847,0.6365821200628446
291.5,33.348,1.925,0.285,0.345,143455,0,5000,0.15615629391829697,0.6549311625314495
291.75,33.329,1.999,0.288,0.344,143455,0,5000,0.15595009236033133,0.6926520580070012
292.0,33.313,2.037,0.288,0.339,143455,0,5000,0.15577644894309714,0.7114830464127857
292.25,33.297,2.037,0.287,0.333,143455,0,5000,0.15560280552586284,0.7114830464127857
292.5,33.282,2.075,0.279,0.332,143455,0,5000,0.15544001482220574,0.7299659729481575
292.75,34.512,2.075,0.273,0.329,143455,0,5000,0.16878885252208714,0.7299659729481575
293.0,35.124,2.114,0.261,0.328,143455,0,5000,0.17543071323129641,0.7485866178058265
293.25,36.978,2.114,0.248,0.338,143455,0,5000,0.19555164420331267,0.7485866178058265
293.5,41.326,2.114,0.225,0.34,143455,0,5000,0.24273924283671433,0.7485866178058265
293.75,46.296,2.154,0.201,0.349,143455,0,5000,0.2966772293150966,0.7673312212489543
294.0,45.657,2.195,0.181,0.401,143455,0,5000,0.2897423453393046,0.786186602325413
294.25,43.148,2.366,0.183,0.39,143455,0,5000,0.26251288697426217,0.8612049920899514
294.5,39.393,2.55,0.21,0.371,143455,0,5000,0.22176094749210407,0.9360972807312729
294.75,35.01,2.908,0.198,0.352,143455,0,5000,0.17419350388350247,1.0674689984549064
295.0,32.505,3.576,0.175,0.321,143455,0,5000,0.14700745637276857,1.2742476537279395
295.25,29.996,4.479,0.171,0.275,143455,0,5000,0.11977799800772602,1.4994020398638852
295.5,25.613,8.325,0.185,0.282,143455,0,5000,0.0722105543991245,2.119264237066987
295.75,23.727,14.901,0.205,0.401,143455,0,5000,0.05174233659263978,2.7014289958889974
296.0,23.088,17.979,0.204,0.388,143455,0,5000,0.04480745261684777,2.889204966348464
296.25,22.445,19.381,0.164,0.357,143455,0,5000,0.0378291577867472,2.9642937206877256
296.5,22.438,19.747,0.147,0.295,143455,0,5000,0.03775318879170721,2.9830020874810805
296.75,22.414,19.379,0.118,0.213,143455,0,5000,0.03749272366585589,2.964190521566478
297.0,22.406,19.378,0.092,0.202,143455,0,5000,0.037405901957238745,2.964138918011807
297.25,23.014,19.017,0.065,0.186,143455,0,5000,0.04400435181213944,2.9453338418152972
297.5,23.617,18.662,0.048,0.173,143455,0,5000,0.05054853809915446,2.9264899066599344
297.75,24.844,18.313,0.039,0.168,143455,0,5000,0.06386481765830439,2.907611736218838
298.0,24.836,19.013,0.031,0.17,143455,0,5000,0.06377799594968724,2.9451234816832357
298.25,26.067,19.373,0.023,0.173,143455,0,5000,0.07713768636314573,2.963880860286991
298.5,26.667,19.372,0.014,0.178,143455,0,5000,0.08364931450942933,2.963829240749811
298.75,26.647,18.309,0.01,0.181,143455,0,5000,0.08343226023788651,2.907393288409793
299.0,27.263,17.306,0.008,0.195,143455,0,5000,0.09011753180140436,2.851053840018657
299.25,29.109,15.46,0.007,0.214,143455,0,5000,0.1101516410648035,2.7382566899895973
299.5,30.348,14.89,0.007,0.225,143455,0,5000,0.12359815318687907,2.7006905182873644
299.75,32.202,14.34,0.007,0.234,143455,0,5000,0.1437190841588953,2.663053532521301
300.0,32.81,14.339,0.009,0.237,143455,0,5000,0.15031753401379605,2.6629837951313617
