DEPT,GR,ILD,DPHI,NPHI,SitID,Pick,Formation
195.072,114.737,5.157,0.253,0.515,113245,0,4000
195.322,115.44,4.843,0.245,0.526,113245,0,4000
195.572,114.817,4.521,0.247,0.547,113245,0,4000
195.822,113.684,4.341,0.249,0.557,113245,0,4000
196.072,112.194,4.357,0.25,0.55,113245,0,4000
196.322,109.314,4.559,0.257,0.537,113245,0,4000
196.572,106.025,4.653,0.265,0.526,113245,0,4000
196.822,93.747,4.678,0.272,0.543,113245,0,4000
197.072,79.133,4.933,0.284,0.544,113245,0,4000
197.322,63.739,5.593,0.299,0.512,113245,0,4000
197.572,48.462,6.848,0.304,0.451,113245,0,4000
197.822,32.441,9.323,0.277,0.378,113245,0,4000
198.072,26.894,15.106,0.255,0.356,113245,0,4000
198.322,33.073,17.977,0.212,0.373,113245,0,4000
198.572,39.249,17.738,0.182,0.386,113245,0,4000
198.822,47.102,14.45,0.176,0.403,113245,0,4000
199.072,56.217,10.912,0.2,0.429,113245,0,4000
199.322,65.866,7.979,0.264,0.476,113245,0,4000
199.572,74.798,6.168,0.273,0.548,113245,0,4000
199.822,76.888,5.005,0.283,0.566,113245,0,4000
200.072,76.121,4.669,0.292,0.547,113245,0,4000
200.322,73.795,4.693,0.303,0.515,113245,0,4000
200.572,70.385,4.933,0.307,0.485,113245,0,4000
200.822,65.872,5.362,0.276,0.468,113245,0,4000
201.072,67.562,5.517,0.233,0.49,113245,0,4000
201.322,67.992,5.748,0.234,0.511,113245,0,4000
201.572,66.258,5.989,0.207,0.503,113245,0,4000
201.822,62.61,6.349,0.202,0.479,113245,0,4000
202.072,57.588,6.826,0.237,0.462,113245,0,4000
202.322,52.311,7.252,0.294,0.481,113245,0,4000
202.572,53.745,7.4,0.294,0.484,113245,0,4000
202.822,55.858,7.387,0.299,0.487,113245,0,4000
203.072,59.579,7.292,0.299,0.479,113245,0,4000
203.322,62.761,7.145,0.303,0.467,113245,0,4000
203.572,64.326,7.004,0.308,0.456,113245,0,4000
203.822,65.004,6.885,0.297,0.451,113245,0,4000
204.072,68.696,6.617,0.285,0.457,113245,0,4000
204.322,70.558,6.51,0.288,0.466,113245,0,4000
204.572,70.983,6.438,0.285,0.47,113245,0,4000
204.822,70.691,6.472,0.28,0.47,113245,0,4000
205.072,69.143,6.66,0.278,0.467,113245,0,4000
205.322,64.537,7.042,0.28,0.462,113245,0,4000
205.572,57.282,7.152,0.283,0.446,113245,0,4000
205.822,53.725,7.354,0.284,0.44,113245,0,4000
206.072,55.13,7.707,0.283,0.437,113245,0,4000
206.322,56.392,8.064,0.276,0.433,113245,0,4000
206.572,55.857,8.331,0.265,0.428,113245,0,4000
206.822,54.599,8.56,0.258,0.431,113245,0,4000
207.072,56.648,8.382,0.252,0.429,113245,0,4000
207.322,61.831,7.996,0.238,0.425,113245,0,4000
207.572,66.245,7.445,0.241,0.445,113245,0,4000
207.822,70.148,6.916,0.253,0.459,113245,0,4000
208.072,72.371,6.482,0.269,0.46,113245,0,4000
208.322,71.347,6.109,0.28,0.459,113245,0,4000
208.572,73.981,5.985,0.261,0.474,113245,0,4000
208.822,75.432,6.063,0.276,0.472,113245,0,4000
209.072,69.748,6.005,0.288,0.451,113245,0,4000
209.322,67.772,5.864,0.288,0.443,113245,0,4000
209.572,71.13,5.666,0.281,0.455,113245,0,4000
209.822,72.523,5.416,0.29,0.463,113245,0,4000
210.072,76.647,5.026,0.289,0.475,113245,0,4000
210.322,79.84,4.543,0.276,0.497,113245,0,4000
210.572,83.492,4.307,0.277,0.513,113245,0,4000
210.822,86.794,4.148,0.281,0.516,113245,0,4000
211.072,88.717,4.045,0.279,0.506,113245,0,4000
211.322,88.651,4.008,0.263,0.5,113245,0,4000
211.572,85.303,4.035,0.256,0.517,113245,0,4000
211.822,81.996,4.149,0.26,0.527,113245,0,4000
212.072,82.201,4.256,0.271,0.529,113245,0,4000
212.322,81.786,4.402,0.281,0.518,113245,0,4000
212.572,79.51,4.596,0.286,0.502,113245,0,4000
212.822,74.094,4.903,0.286,0.509,113245,0,4000
213.072,62.802,5.317,0.282,0.526,113245,0,4000
213.322,53.638,5.903,0.298,0.496,113245,0,4000
213.572,51.662,6.559,0.284,0.448,113245,0,4000
213.822,52.566,7.196,0.27,0.42,113245,0,4000
214.072,53.773,7.71,0.264,0.42,113245,0,4000
214.322,54.474,8.023,0.248,0.424,113245,0,4000
214.572,54.661,7.946,0.233,0.427,113245,0,4000
214.822,55.576,7.648,0.255,0.43,113245,0,4000
215.072,57.74,7.363,0.272,0.435,113245,0,4000
215.322,60.326,7.142,0.285,0.441,113245,0,4000
215.572,63.093,6.975,0.295,0.446,113245,0,4000
215.822,67.076,6.703,0.305,0.456,113245,0,4000
216.072,70.524,6.21,0.314,0.467,113245,0,4000
216.322,79.818,5.512,0.304,0.487,113245,0,4000
216.572,83.897,4.897,0.302,0.515,113245,0,4000
216.822,86.361,4.235,0.31,0.544,113245,0,4000
217.072,89.304,3.556,0.316,0.564,113245,0,4000
217.322,93.462,2.86,0.293,0.563,113245,0,4000
217.572,94.159,2.533,0.288,0.54,113245,0,4000
217.822,94.339,2.475,0.288,0.551,113245,0,4000
218.072,94.347,2.431,0.296,0.567,113245,0,4000
218.322,93.696,2.417,0.305,0.582,113245,0,4000
218.572,92.323,2.434,0.309,0.592,113245,0,4000
218.822,91.031,2.467,0.305,0.597,113245,0,4000
219.072,93.225,2.481,0.298,0.597,113245,0,4000
219.322,94.129,2.476,0.289,0.592,113245,0,4000
219.572,94.486,2.498,0.289,0.592,113245,0,4000
219.822,95.03,2.529,0.288,0.591,113245,0,4000
220.072,96.0,2.565,0.282,0.587,113245,0,4000
220.322,97.078,2.619,0.27,0.58,113245,0,4000
220.572,96.777,2.634,0.28,0.58,113245,0,4000
220.822,96.249,2.647,0.281,0.588,113245,0,4000
221.072,95.896,2.689,0.28,0.594,113245,0,4000
221.322,96.437,2.752,0.275,0.596,113245,0,4000
221.572,97.937,2.823,0.266,0.593,113245,0,4000
221.822,99.395,2.895,0.248,0.579,113245,0,4000
222.072,97.347,2.977,0.251,0.57,113245,0,4000
222.322,97.287,3.036,0.257,0.561,113245,0,4000
222.572,98.313,3.13,0.257,0.545,113245,0,4000
222.822,98.384,3.227,0.253,0.535,113245,0,4000
223.072,97.672,3.309,0.247,0.532,113245,0,4000
223.322,98.654,3.368,0.245,0.531,113245,0,4000
223.572,99.102,3.336,0.234,0.545,113245,0,4000
223.822,98.813,3.306,0.221,0.578,113245,0,4000
224.072,98.704,3.276,0.221,0.596,113245,0,4000
224.322,99.73,3.245,0.227,0.601,113245,0,4000
224.572,101.592,3.221,0.234,0.6,113245,0,4000
224.822,102.623,3.223,0.241,0.603,113245,0,4000
225.072,102.061,3.265,0.244,0.601,113245,0,4000
225.322,96.747,3.451,0.249,0.596,113245,0,4000
225.572,86.925,3.783,0.244,0.571,113245,0,4000
225.822,77.881,4.44,0.238,0.53,113245,0,4000
226.072,70.639,5.757,0.245,0.477,113245,0,4000
226.322,61.96,8.558,0.285,0.417,113245,0,4000
226.572,46.907,14.144,0.338,0.441,113245,0,4000
226.822,47.099,18.878,0.344,0.449,113245,0,4000
227.072,47.991,23.781,0.336,0.452,113245,0,4000
227.322,49.739,27.482,0.326,0.452,113245,0,4000
227.572,52.152,28.441,0.317,0.444,113245,0,4000
227.822,54.733,28.791,0.312,0.43,113245,0,4000
228.072,58.264,29.241,0.295,0.421,113245,0,4000
228.322,60.453,30.073,0.275,0.452,113245,0,4000
228.572,57.616,31.015,0.283,0.445,113245,0,4000
228.822,56.361,32.198,0.286,0.428,113245,0,4000
229.072,58.76,33.5,0.279,0.418,113245,0,4000
229.322,62.789,34.672,0.28,0.424,113245,0,4000
229.572,66.62,37.854,0.261,0.39,113245,0,4000
229.822,63.313,40.689,0.243,0.362,113245,0,4000
230.072,55.783,43.049,0.238,0.335,113245,0,4000
230.322,46.623,45.983,0.233,0.315,113245,0,4000
230.572,38.658,49.609,0.225,0.306,113245,0,4000
230.822,34.285,53.263,0.216,0.305,113245,0,4000
231.072,32.121,58.664,0.211,0.299,113245,0,4000
231.322,30.805,63.551,0.202,0.285,113245,0,4000
231.572,30.509,68.386,0.194,0.269,113245,0,4000
231.822,30.465,72.363,0.184,0.257,113245,0,4000
232.072,30.479,75.022,0.175,0.254,113245,0,4000
232.322,30.651,78.954,0.167,0.257,113245,0,4000
232.572,30.588,83.061,0.174,0.262,113245,0,4000
232.822,30.779,88.421,0.183,0.276,113245,0,4000
233.072,30.777,97.135,0.189,0.287,113245,0,4000
233.322,30.84,111.925,0.193,0.294,113245,0,4000
233.572,31.032,135.017,0.196,0.297,113245,0,4000
233.822,31.215,166.861,0.199,0.296,113245,0,4000
234.072,31.152,188.094,0.202,0.295,113245,0,4000
234.322,31.098,205.891,0.191,0.301,113245,0,4000
234.572,31.047,215.165,0.19,0.31,113245,0,4000
234.822,31.235,217.115,0.202,0.321,113245,0,4000
235.072,31.9,212.73,0.221,0.332,113245,0,4000
235.322,33.528,197.715,0.228,0.337,113245,0,4000
235.572,34.724,179.18,0.231,0.336,113245,0,4000
235.822,36.346,133.733,0.201,0.319,113245,0,4000
236.072,37.785,100.83,0.198,0.331,113245,0,4000
236.322,39.29,68.774,0.213,0.354,113245,0,4000
236.572,41.458,50.088,0.234,0.376,113245,0,4000
236.822,46.02,44.56,0.252,0.399,113245,0,4000
237.072,49.968,38.907,0.261,0.432,113245,0,4000
237.322,50.153,37.449,0.274,0.455,113245,0,4000
237.572,49.615,38.857,0.279,0.469,113245,0,4000
237.822,49.917,41.665,0.275,0.468,113245,0,4000
238.072,51.781,45.413,0.271,0.456,113245,0,4000
238.322,55.83,50.843,0.288,0.45,113245,0,4000
238.572,59.522,50.369,0.307,0.467,113245,0,4000
238.822,61.857,46.391,0.345,0.493,113245,0,4000
239.072,62.58,41.318,0.356,0.503,113245,0,4000
239.322,63.01,36.766,0.358,0.502,113245,0,4000
239.572,63.921,33.283,0.359,0.499,113245,0,4000
239.822,66.082,30.675,0.353,0.505,113245,0,4000
240.072,68.776,29.494,0.342,0.508,113245,0,4000
240.322,74.231,28.596,0.339,0.512,113245,0,4000
240.572,73.219,27.87,0.341,0.523,113245,0,4000
240.822,67.773,27.515,0.347,0.529,113245,0,4000
241.072,60.651,27.463,0.354,0.526,113245,0,4000
241.322,55.21,27.433,0.357,0.523,113245,0,4000
241.572,54.66,27.588,0.352,0.517,113245,0,4000
241.822,57.719,27.538,0.332,0.511,113245,0,4000
242.072,59.521,27.188,0.335,0.503,113245,0,4000
242.322,59.949,26.745,0.347,0.493,113245,0,4000
242.572,59.419,26.309,0.357,0.484,113245,0,4000
242.822,58.772,25.826,0.356,0.48,113245,0,4000
243.072,58.204,25.58,0.354,0.489,113245,0,4000
243.322,56.957,25.34,0.36,0.504,113245,0,4000
243.572,54.633,24.978,0.362,0.505,113245,0,4000
243.822,51.341,24.844,0.362,0.503,113245,0,4000
244.072,48.345,24.972,0.361,0.507,113245,0,4000
244.322,48.196,25.125,0.36,0.515,113245,0,4000
244.572,48.893,25.261,0.359,0.507,113245,0,4000
244.822,50.755,25.216,0.361,0.509,113245,0,4000
245.072,52.261,25.167,0.365,0.506,113245,0,4000
245.322,52.806,25.114,0.369,0.501,113245,0,4000
245.572,52.389,25.061,0.372,0.495,113245,0,4000
245.822,51.262,24.966,0.369,0.491,113245,0,4000
246.072,49.464,24.717,0.37,0.473,113245,0,4000
246.322,47.971,24.5,0.37,0.461,113245,0,4000
246.572,46.655,24.142,0.366,0.458,113245,0,4000
246.822,46.478,23.92,0.364,0.461,113245,0,4000
247.072,47.443,23.871,0.365,0.469,113245,0,4000
247.322,48.591,23.818,0.361,0.483,113245,0,4000
247.572,49.421,23.305,0.359,0.501,113245,0,4000
247.822,49.869,23.262,0.369,0.515,113245,0,4000
248.072,51.351,23.235,0.375,0.515,113245,0,4000
248.322,52.135,23.119,0.376,0.508,113245,0,4000
248.572,51.846,22.825,0.372,0.497,113245,0,4000
248.822,51.557,22.284,0.365,0.486,113245,0,4000
249.072,51.789,21.636,0.359,0.486,113245,0,4000
249.322,54.471,21.113,0.357,0.497,113245,0,4000
249.572,56.772,19.971,0.358,0.504,113245,0,4000
249.822,59.717,17.031,0.359,0.509,113245,0,4000
250.072,63.257,13.506,0.357,0.511,113245,0,4000
250.322,66.801,10.706,0.351,0.501,113245,0,4000
250.572,73.627,7.651,0.332,0.487,113245,0,4000
250.822,80.563,6.017,0.295,0.497,113245,0,4000
251.072,85.858,5.301,0.279,0.512,113245,0,4000
251.322,89.157,4.857,0.277,0.531,113245,0,4000
251.572,90.244,4.552,0.283,0.543,113245,0,4000
251.822,90.966,4.249,0.291,0.531,113245,0,4000
252.072,93.648,4.056,0.274,0.532,113245,0,4000
252.322,95.521,3.933,0.268,0.542,113245,0,4000
252.572,95.944,3.855,0.258,0.549,113245,0,4000
252.822,94.814,3.86,0.255,0.555,113245,0,4000
253.072,92.79,3.957,0.261,0.564,113245,0,4000
253.322,90.782,4.213,0.268,0.572,113245,0,4000
253.572,88.23,4.711,0.275,0.557,113245,0,4000
253.822,80.754,5.803,0.279,0.55,113245,0,4000
254.072,69.856,7.274,0.266,0.528,113245,0,4000
254.322,56.86,8.762,0.25,0.474,113245,0,4000
254.572,45.782,9.646,0.232,0.395,113245,0,4000
254.822,43.417,9.642,0.189,0.323,113245,0,4000
255.072,43.848,9.067,0.186,0.324,113245,0,4000
255.322,58.189,7.135,0.224,0.355,113245,0,4000
255.572,64.069,6.19,0.249,0.392,113245,0,4000
255.822,67.251,5.396,0.26,0.419,113245,0,4000
256.072,71.515,4.757,0.256,0.443,113245,0,4000
256.322,78.652,4.483,0.242,0.495,113245,0,4000
256.572,81.271,4.353,0.254,0.526,113245,0,4000
256.822,78.969,4.376,0.256,0.533,113245,0,4000
257.072,76.495,4.398,0.278,0.53,113245,0,4000
257.322,74.404,4.501,0.288,0.512,113245,0,4000
257.572,73.388,4.739,0.279,0.49,113245,0,4000
257.822,73.818,5.161,0.265,0.495,113245,0,4000
258.072,70.156,6.625,0.308,0.515,113245,0,4000
258.322,66.606,7.285,0.329,0.505,113245,0,4000
258.572,63.16,7.825,0.335,0.495,113245,0,4000
258.822,61.309,7.985,0.341,0.487,113245,0,4000
259.072,61.973,7.628,0.341,0.481,113245,0,4000
259.322,64.982,6.954,0.309,0.48,113245,0,4000
259.572,65.929,6.784,0.288,0.482,113245,0,4000
259.822,62.989,7.48,0.276,0.496,113245,0,4000
260.072,60.779,8.21,0.29,0.515,113245,0,4000
260.322,58.691,8.63,0.29,0.499,113245,0,4000
260.572,58.219,8.564,0.269,0.449,113245,0,4000
260.822,64.549,7.994,0.244,0.405,113245,0,4000
261.072,72.489,7.138,0.239,0.425,113245,0,4000
261.322,77.465,5.493,0.242,0.465,113245,0,4000
261.572,81.184,4.963,0.242,0.493,113245,0,4000
261.822,82.449,4.78,0.246,0.506,113245,0,4000
262.072,81.978,4.744,0.253,0.508,113245,0,4000
262.322,81.437,4.922,0.253,0.509,113245,0,4000
262.572,76.639,5.377,0.267,0.513,113245,0,4000
262.822,71.798,6.444,0.289,0.489,113245,0,4000
263.072,65.692,7.781,0.313,0.468,113245,0,4000
263.322,59.047,9.584,0.341,0.453,113245,0,4000
263.572,53.662,12.072,0.364,0.448,113245,0,4000
263.822,52.496,15.367,0.364,0.459,113245,0,4000
264.072,52.927,16.535,0.35,0.461,113245,0,4000
264.322,52.17,16.502,0.341,0.454,113245,0,4000
264.572,51.217,16.294,0.331,0.468,113245,0,4000
264.822,50.441,16.029,0.32,0.484,113245,0,4000
265.072,50.148,15.737,0.31,0.492,113245,0,4000
265.322,50.816,15.317,0.313,0.481,113245,0,4000
265.572,52.007,15.058,0.354,0.465,113245,0,4000
265.822,52.916,14.809,0.358,0.456,113245,0,4000
266.072,53.637,14.488,0.354,0.454,113245,0,4000
266.322,54.301,14.205,0.35,0.454,113245,0,4000
266.572,55.03,13.926,0.351,0.457,113245,0,4000
266.822,55.94,13.502,0.355,0.465,113245,0,4000
267.072,57.062,12.75,0.358,0.461,113245,0,4000
267.322,57.76,12.354,0.352,0.455,113245,0,4000
267.572,58.936,11.993,0.348,0.455,113245,0,4000
267.822,60.196,11.67,0.35,0.468,113245,0,4000
268.072,61.277,11.419,0.354,0.488,113245,0,4000
268.322,62.186,11.231,0.356,0.496,113245,0,4000
268.572,62.73,11.206,0.353,0.494,113245,0,4000
268.822,61.919,11.269,0.348,0.495,113245,0,4000
269.072,62.067,11.263,0.346,0.497,113245,0,4000
269.322,62.853,11.24,0.347,0.495,113245,0,4000
269.572,62.989,11.239,0.348,0.492,113245,0,4000
269.822,60.054,11.293,0.343,0.5,113245,0,4000
270.072,57.591,11.372,0.344,0.503,113245,0,4000
270.322,58.787,11.346,0.343,0.493,113245,0,4000
270.572,59.161,11.385,0.343,0.484,113245,0,4000
270.822,58.63,11.447,0.345,0.481,113245,0,4000
271.072,58.163,11.488,0.347,0.485,113245,0,4000
271.322,60.019,11.46,0.345,0.49,113245,0,4000
271.572,60.856,11.335,0.343,0.497,113245,0,4000
271.822,59.058,11.224,0.347,0.502,113245,0,4000
272.072,59.197,11.186,0.348,0.498,113245,0,4000
272.322,59.501,11.284,0.344,0.495,113245,0,4000
272.572,59.146,11.607,0.338,0.492,113245,0,4000
272.822,57.888,12.274,0.33,0.482,113245,0,4000
273.072,58.731,13.164,0.329,0.458,113245,0,4000
273.322,58.164,14.47,0.31,0.431,113245,0,4000
273.572,56.396,15.463,0.214,0.368,113245,0,4000
273.822,53.712,15.897,0.141,0.303,113245,0,4000
274.072,51.326,15.519,0.13,0.273,113245,0,4000
274.322,51.272,14.524,0.161,0.313,113245,0,4000
274.572,55.995,12.884,0.214,0.387,113245,0,4000
274.822,60.435,11.648,0.244,0.442,113245,0,4000
275.072,60.02,11.106,0.303,0.487,113245,0,4000
275.322,58.406,11.006,0.335,0.507,113245,0,4000
275.572,57.156,11.34,0.323,0.502,113245,0,4000
275.822,56.633,12.081,0.301,0.495,113245,0,4000
276.072,56.558,12.838,0.266,0.439,113245,0,4000
276.322,58.242,13.008,0.198,0.4,113245,0,4000
276.572,59.8,12.531,0.195,0.368,113245,0,4000
276.822,61.311,11.754,0.236,0.389,113245,0,4000
277.072,62.461,10.981,0.3,0.461,113245,0,4000
277.322,62.88,10.426,0.354,0.52,113245,0,4000
277.572,62.512,9.939,0.351,0.513,113245,0,4000
277.822,62.71,9.844,0.354,0.518,113245,0,4000
278.072,61.99,9.862,0.353,0.508,113245,0,4000
278.322,61.1,9.914,0.35,0.5,113245,0,4000
278.572,60.151,9.949,0.344,0.496,113245,0,4000
278.822,58.646,9.938,0.336,0.483,113245,0,4000
279.072,58.584,9.994,0.338,0.482,113245,0,4000
279.322,58.529,9.972,0.336,0.493,113245,0,4000
279.572,58.478,9.951,0.344,0.485,113245,0,4000
279.822,58.669,9.933,0.348,0.484,113245,0,4000
280.072,59.157,9.898,0.346,0.496,113245,0,4000
280.322,59.908,9.787,0.342,0.504,113245,0,4000
280.572,60.338,9.693,0.343,0.498,113245,0,4000
280.822,61.019,9.606,0.339,0.495,113245,0,4000
281.072,62.406,9.415,0.339,0.493,113245,0,4000
281.322,63.669,9.195,0.34,0.494,113245,0,4000
281.572,64.213,8.996,0.334,0.498,113245,0,4000
281.822,63.968,8.808,0.317,0.508,113245,0,4000
282.072,65.414,8.594,0.319,0.501,113245,0,4000
282.322,65.12,8.454,0.328,0.498,113245,0,4000
282.572,64.826,8.316,0.329,0.491,113245,0,4000
282.822,65.013,8.181,0.327,0.49,113245,0,4000
283.072,66.1,8.047,0.322,0.499,113245,0,4000
283.322,68.824,7.9,0.311,0.508,113245,0,4000
283.572,70.769,7.826,0.306,0.511,113245,0,4000
283.822,71.912,7.753,0.319,0.515,113245,0,4000
284.072,74.493,7.683,0.321,0.518,113245,0,4000
284.322,76.238,7.501,0.321,0.512,113245,0,4000
284.572,76.847,7.139,0.32,0.502,113245,0,4000
284.822,78.184,6.33,0.31,0.497,113245,0,4000
285.072,79.125,5.293,0.295,0.503,113245,0,4000
285.322,80.513,4.23,0.276,0.51,113245,0,4000
285.572,82.253,3.659,0.267,0.533,113245,0,4000
285.822,83.875,3.357,0.273,0.559,113245,0,4000
286.072,85.382,3.228,0.291,0.581,113245,0,4000
286.322,87.532,3.261,0.316,0.596,113245,0,4000
286.572,88.972,3.483,0.327,0.593,113245,0,4000
286.822,89.157,3.787,0.321,0.578,113245,0,4000
287.072,86.291,4.184,0.305,0.555,113245,0,4000
287.322,83.122,4.73,0.297,0.532,113245,0,4000
287.572,81.268,5.296,0.296,0.514,113245,0,4000
287.822,81.219,5.364,0.284,0.498,113245,0,4000
288.072,83.554,5.025,0.27,0.495,113245,0,4000
288.322,86.735,4.718,0.23,0.538,113245,0,4000
288.572,88.233,4.628,0.233,0.542,113245,0,4000
288.822,89.142,4.619,0.249,0.529,113245,0,4000
289.072,89.09,4.653,0.268,0.514,113245,0,4000
289.322,86.873,4.713,0.286,0.508,113245,0,4000
289.572,83.218,4.962,0.286,0.512,113245,0,4000
289.822,81.16,5.297,0.29,0.537,113245,0,4000
290.072,80.891,5.712,0.298,0.549,113245,0,4000
290.322,79.755,6.215,0.305,0.548,113245,0,4000
290.572,77.359,6.732,0.311,0.536,113245,0,4000
290.822,75.159,7.173,0.319,0.526,113245,0,4000
291.072,71.798,7.76,0.331,0.526,113245,0,4000
291.322,72.489,8.221,0.327,0.539,113245,0,4000
291.572,73.844,8.531,0.32,0.535,113245,0,4000
291.822,73.55,8.608,0.317,0.526,113245,0,4000
292.072,71.64,8.424,0.319,0.518,113245,0,4000
292.322,70.633,8.111,0.323,0.508,113245,0,4000
292.572,71.456,7.457,0.295,0.506,113245,0,4000
292.822,73.651,7.008,0.286,0.529,113245,0,4000
293.072,75.486,6.69,0.28,0.559,113245,0,4000
293.322,76.989,6.488,0.279,0.576,113245,0,4000
293.572,78.614,6.44,0.282,0.569,113245,0,4000
293.822,81.685,6.567,0.283,0.55,113245,0,4000
294.072,86.4,6.731,0.276,0.525,113245,0,4000
294.322,87.097,6.923,0.253,0.518,113245,0,4000
294.572,86.477,7.103,0.241,0.519,113245,0,4000
294.822,85.228,7.296,0.231,0.524,113245,0,4000
295.072,84.038,7.482,0.229,0.526,113245,0,4000
295.322,83.738,7.63,0.257,0.523,113245,0,4000
295.572,83.976,7.543,0.254,0.506,113245,0,4000
295.822,84.668,7.413,0.244,0.503,113245,0,4000
296.072,85.12,7.178,0.251,0.502,113245,0,4000
296.322,85.779,6.911,0.258,0.499,113245,0,4000
296.572,86.743,6.617,0.261,0.494,113245,0,4000
296.822,88.291,6.156,0.262,0.492,113245,0,4000
297.072,90.236,5.787,0.262,0.503,113245,0,4000
297.322,86.098,5.65,0.263,0.519,113245,0,4000
297.572,83.413,5.762,0.266,0.515,113245,0,4000
297.822,80.849,6.067,0.27,0.516,113245,0,4000
298.072,78.039,6.532,0.276,0.522,113245,0,4000
298.322,74.679,7.276,0.287,0.508,113245,0,4000
298.572,70.131,8.198,0.281,0.506,113245,0,4000
298.822,62.883,9.1,0.327,0.501,113245,0,4000
299.072,56.359,9.958,0.341,0.498,113245,0,4000
299.322,50.915,10.69,0.343,0.497,113245,0,4000
299.572,47.685,11.226,0.339,0.496,113245,0,4000
299.822,48.87,11.528,0.327,0.494,113245,0,4000
300.072,50.305,11.506,0.33,0.509,113245,0,4000
300.322,51.225,11.153,0.345,0.497,113245,0,4000
300.572,52.132,10.697,0.347,0.485,113245,0,4000
300.822,53.39,10.262,0.343,0.486,113245,0,4000
301.072,54.828,9.896,0.342,0.497,113245,0,4000
301.322,56.286,9.591,0.346,0.5,113245,0,4000
301.572,58.974,9.573,0.332,0.511,113245,0,4000
301.822,59.398,9.621,0.329,0.524,113245,0,4000
302.072,59.639,9.725,0.332,0.523,113245,0,4000
302.322,60.186,9.671,0.336,0.514,113245,0,4000
302.572,60.559,9.516,0.337,0.501,113245,0,4000
302.822,59.293,9.66,0.327,0.482,113245,0,4000
303.072,59.224,10.158,0.306,0.469,113245,0,4000
303.322,57.743,10.97,0.291,0.445,113245,0,4000
303.572,55.356,11.725,0.256,0.419,113245,0,4000
303.822,52.067,12.183,0.214,0.392,113245,0,4000
304.072,49.437,12.247,0.197,0.377,113245,0,4000
304.322,51.168,12.024,0.268,0.409,113245,0,4000
304.572,54.105,11.91,0.303,0.457,113245,0,4000
304.822,56.452,11.803,0.331,0.465,113245,0,4000
305.072,57.896,12.076,0.339,0.47,113245,0,4000
305.322,58.562,12.581,0.342,0.477,113245,0,4000
305.572,58.75,13.045,0.346,0.483,113245,0,4000
305.822,58.918,12.992,0.341,0.483,113245,0,4000
306.072,58.861,12.873,0.33,0.471,113245,0,4000
306.322,57.13,13.508,0.333,0.468,113245,0,4000
306.572,55.766,14.403,0.326,0.493,113245,0,4000
306.822,55.112,15.449,0.313,0.5,113245,0,4000
307.072,55.17,16.489,0.296,0.477,113245,0,4000
307.322,55.587,17.412,0.27,0.442,113245,0,4000
307.572,55.519,17.906,0.257,0.409,113245,0,4000
307.822,55.241,17.611,0.303,0.437,113245,0,4000
308.072,55.13,16.856,0.334,0.465,113245,0,4000
308.322,55.432,15.934,0.344,0.473,113245,0,4000
308.572,56.333,15.099,0.34,0.462,113245,0,4000
308.822,57.961,14.541,0.339,0.455,113245,0,4000
309.072,59.104,13.611,0.341,0.457,113245,0,4000
309.322,59.546,13.18,0.339,0.463,113245,0,4000
309.572,59.594,12.87,0.337,0.468,113245,0,4000
309.822,59.776,12.526,0.331,0.472,113245,0,4000
310.072,60.138,12.167,0.325,0.476,113245,0,4000
310.322,60.328,11.879,0.328,0.478,113245,0,4000
310.572,59.967,11.746,0.326,0.466,113245,0,4000
310.822,59.91,11.549,0.315,0.455,113245,0,4000
311.072,60.033,11.306,0.316,0.458,113245,0,4000
311.322,60.815,10.755,0.311,0.459,113245,0,4000
311.572,62.5,9.97,0.296,0.458,113245,0,4000
311.822,65.091,9.201,0.28,0.467,113245,0,4000
312.072,70.113,8.388,0.281,0.509,113245,0,4000
312.322,72.308,7.939,0.293,0.515,113245,0,4000
312.572,74.503,7.672,0.3,0.513,113245,0,4000
312.822,76.364,7.52,0.303,0.508,113245,0,4000
313.072,77.689,7.452,0.303,0.507,113245,0,4000
313.322,78.837,7.386,0.296,0.517,113245,0,4000
313.572,79.674,7.235,0.279,0.522,113245,0,4000
313.822,79.861,7.164,0.268,0.511,113245,0,4000
314.072,79.861,7.14,0.269,0.506,113245,0,4000
314.322,80.528,7.1,0.275,0.505,113245,0,4000
314.572,82.212,7.009,0.281,0.506,113245,0,4000
314.822,84.797,6.849,0.276,0.505,113245,0,4000
315.072,82.034,6.469,0.273,0.504,113245,0,4000
315.322,81.977,6.454,0.268,0.51,113245,0,4000
315.572,84.441,6.547,0.263,0.502,113245,0,4000
315.822,86.904,6.678,0.26,0.49,113245,0,4000
316.072,88.408,6.812,0.258,0.479,113245,0,4000
316.322,89.731,6.933,0.254,0.474,113245,0,4000
316.572,90.683,6.856,0.255,0.49,113245,0,4000
316.822,90.629,7.002,0.241,0.491,113245,0,4000
317.072,91.117,7.029,0.246,0.483,113245,0,4000
317.322,92.146,7.014,0.253,0.48,113245,0,4000
317.572,93.112,6.986,0.255,0.482,113245,0,4000
317.822,92.501,6.911,0.243,0.475,113245,0,4000
318.072,90.947,6.842,0.229,0.469,113245,0,4000
318.322,89.94,6.828,0.231,0.49,113245,0,4000
318.572,88.381,6.89,0.231,0.5,113245,0,4000
318.822,86.404,7.052,0.235,0.506,113245,0,4000
319.072,84.077,7.231,0.246,0.51,113245,0,4000
319.322,81.037,7.148,0.26,0.491,113245,0,4000
319.572,79.234,6.819,0.272,0.46,113245,0,4000
319.822,79.892,6.562,0.282,0.458,113245,0,4000
320.072,84.157,6.457,0.268,0.472,113245,0,4000
320.322,87.461,6.491,0.248,0.489,113245,0,4000
320.572,88.246,6.644,0.235,0.498,113245,0,4000
320.822,87.996,6.963,0.233,0.492,113245,0,4000
321.072,88.189,7.436,0.222,0.479,113245,0,4000
321.322,90.29,7.862,0.202,0.467,113245,0,4000
321.572,90.774,8.311,0.189,0.485,113245,0,4000
321.822,88.564,8.603,0.198,0.504,113245,0,4000
322.072,85.515,8.679,0.223,0.511,113245,0,4000
322.322,86.457,8.619,0.227,0.507,113245,0,4000
322.572,86.649,8.408,0.22,0.472,113245,0,4000
322.822,87.798,8.272,0.221,0.469,113245,0,4000
323.072,89.302,8.137,0.222,0.493,113245,0,4000
323.322,90.682,8.062,0.228,0.517,113245,0,4000
323.572,91.701,8.031,0.235,0.526,113245,0,4000
323.822,92.755,7.953,0.237,0.515,113245,0,4000
324.072,94.706,7.94,0.24,0.514,113245,0,4000
324.322,95.855,7.922,0.235,0.504,113245,0,4000
324.572,94.125,7.993,0.241,0.493,113245,0,4000
324.822,91.671,8.093,0.244,0.483,113245,0,4000
325.072,89.816,8.178,0.241,0.475,113245,0,4000
325.322,89.031,8.218,0.235,0.47,113245,0,4000
325.572,88.974,8.198,0.233,0.482,113245,0,4000
325.822,88.686,8.183,0.238,0.491,113245,0,4000
326.072,86.78,8.214,0.237,0.49,113245,0,4000
326.322,85.048,8.258,0.234,0.485,113245,0,4000
326.572,84.692,8.331,0.228,0.483,113245,0,4000
326.822,86.107,8.529,0.216,0.48,113245,0,4000
327.072,85.046,8.707,0.228,0.461,113245,0,4000
327.322,83.315,9.072,0.23,0.448,113245,0,4000
327.572,84.099,9.501,0.24,0.442,113245,0,4000
327.822,85.604,9.833,0.244,0.445,113245,0,4000
328.072,86.932,9.938,0.241,0.455,113245,0,4000
328.322,87.918,9.743,0.239,0.462,113245,0,4000
328.572,87.107,9.578,0.24,0.461,113245,0,4000
328.822,82.495,9.769,0.246,0.456,113245,0,4000
329.072,78.97,10.284,0.249,0.442,113245,0,4000
329.322,75.567,11.027,0.254,0.426,113245,0,4000
329.572,72.043,11.937,0.268,0.409,113245,0,4000
329.822,67.964,13.278,0.301,0.379,113245,0,4000
330.072,63.415,14.851,0.311,0.373,113245,0,4000
330.322,62.871,15.356,0.303,0.383,113245,0,4000
330.572,65.037,15.136,0.286,0.38,113245,0,4000
330.822,68.345,14.299,0.268,0.386,113245,0,4000
331.072,71.768,12.922,0.26,0.412,113245,0,4000
331.322,75.366,10.866,0.276,0.46,113245,0,4000
331.572,78.06,9.771,0.261,0.473,113245,0,4000
331.822,76.312,9.339,0.268,0.469,113245,0,4000
332.072,75.12,9.274,0.272,0.471,113245,0,4000
332.322,73.633,9.423,0.276,0.475,113245,0,4000
332.572,71.727,9.697,0.281,0.476,113245,0,4000
332.822,70.09,10.118,0.285,0.478,113245,0,4000
333.072,70.532,10.562,0.279,0.48,113245,0,4000
333.322,73.358,10.928,0.253,0.481,113245,0,4000
333.572,72.941,11.186,0.258,0.481,113245,0,4000
333.822,71.685,11.367,0.27,0.475,113245,0,4000
334.072,70.915,11.489,0.276,0.467,113245,0,4000
334.322,71.906,11.543,0.269,0.472,113245,0,4000
334.572,77.084,11.517,0.256,0.468,113245,0,4000
334.822,79.191,11.249,0.271,0.467,113245,0,4000
335.072,80.571,10.568,0.28,0.469,113245,0,4000
335.322,81.821,9.411,0.273,0.469,113245,0,4000
335.572,82.961,8.282,0.254,0.475,113245,0,4000
335.822,83.034,7.662,0.237,0.498,113245,0,4000
336.072,81.042,7.434,0.214,0.496,113245,0,4000
336.322,80.085,7.596,0.239,0.495,113245,0,4000
336.572,79.843,7.762,0.25,0.498,113245,0,4000
336.822,81.15,7.931,0.241,0.495,113245,0,4000
337.072,80.907,8.147,0.217,0.487,113245,0,4000
337.322,70.044,8.621,0.189,0.481,113245,0,4000
337.572,59.858,9.229,0.157,0.467,113245,0,4000
337.822,51.272,10.709,0.109,0.298,113245,0,4000
338.072,50.015,13.513,0.129,0.26,113245,0,4000
338.322,53.826,16.177,0.173,0.304,113245,0,4000
338.572,60.079,16.524,0.216,0.384,113245,0,4000
338.822,65.796,15.164,0.25,0.458,113245,0,4000
339.072,69.068,12.428,0.257,0.488,113245,0,4000
339.322,69.311,9.712,0.258,0.476,113245,0,4000
339.572,70.25,8.316,0.261,0.486,113245,0,4000
339.822,72.034,7.596,0.266,0.495,113245,0,4000
340.072,74.592,7.342,0.269,0.491,113245,0,4000
340.322,77.687,7.288,0.268,0.464,113245,0,4000
340.572,77.681,7.353,0.272,0.463,113245,0,4000
340.822,77.18,7.52,0.273,0.482,113245,0,4000
341.072,77.612,7.677,0.271,0.493,113245,0,4000
341.322,77.965,7.956,0.267,0.502,113245,0,4000
341.572,78.26,8.282,0.264,0.504,113245,0,4000
341.822,79.447,8.341,0.266,0.488,113245,0,4000
342.072,80.037,8.34,0.266,0.477,113245,0,4000
342.322,80.529,8.465,0.261,0.464,113245,0,4000
342.572,82.055,8.536,0.257,0.452,113245,0,4000
342.822,83.362,8.566,0.252,0.444,113245,0,4000
343.072,83.774,8.55,0.245,0.444,113245,0,4000
343.322,83.292,8.488,0.23,0.455,113245,0,4000
343.572,81.201,8.335,0.233,0.47,113245,0,4000
343.822,80.948,8.209,0.226,0.468,113245,0,4000
344.072,82.683,8.051,0.223,0.46,113245,0,4000
344.322,84.227,7.935,0.223,0.458,113245,0,4000
344.572,84.759,7.863,0.228,0.466,113245,0,4000
344.822,84.754,7.75,0.242,0.48,113245,0,4000
345.072,85.046,7.749,0.236,0.485,113245,0,4000
345.322,82.558,7.748,0.234,0.489,113245,0,4000
345.572,80.269,7.747,0.228,0.493,113245,0,4000
345.822,79.192,7.858,0.219,0.479,113245,0,4000
346.072,79.903,8.074,0.211,0.455,113245,0,4000
346.322,82.045,8.25,0.206,0.457,113245,0,4000
346.572,85.615,8.324,0.233,0.48,113245,0,4000
346.822,86.604,8.261,0.243,0.482,113245,0,4000
347.072,88.765,8.114,0.239,0.473,113245,0,4000
347.322,90.549,7.968,0.237,0.467,113245,0,4000
347.572,91.2,7.839,0.243,0.471,113245,0,4000
347.822,90.956,7.67,0.249,0.485,113245,0,4000
348.072,90.056,7.532,0.238,0.459,113245,0,4000
348.322,88.81,7.474,0.239,0.474,113245,0,4000
348.572,87.842,7.584,0.236,0.48,113245,0,4000
348.822,86.764,7.859,0.23,0.477,113245,0,4000
349.072,85.389,8.296,0.223,0.463,113245,0,4000
349.322,83.478,8.858,0.214,0.445,113245,0,4000
349.572,80.494,9.521,0.211,0.412,113245,0,4000
349.822,81.978,10.566,0.27,0.401,113245,0,4000
350.072,78.517,11.513,0.292,0.399,113245,0,4000
350.322,77.202,12.342,0.303,0.4,113245,0,4000
350.572,80.058,12.586,0.305,0.406,113245,0,4000
350.822,84.345,11.714,0.286,0.42,113245,0,4000
351.072,89.703,10.415,0.246,0.453,113245,0,4000
351.322,87.463,9.801,0.24,0.454,113245,0,4000
351.572,83.793,9.634,0.228,0.451,113245,0,4000
351.822,81.405,9.702,0.216,0.441,113245,0,4000
352.072,80.685,10.001,0.205,0.43,113245,0,4000
352.322,79.251,10.6,0.199,0.433,113245,0,4000
352.572,74.179,11.601,0.187,0.443,113245,0,4000
352.822,72.436,12.78,0.176,0.431,113245,0,4000
353.072,73.694,13.757,0.169,0.408,113245,0,4000
353.322,76.431,14.584,0.178,0.385,113245,0,4000
353.572,79.466,15.043,0.201,0.379,113245,0,4000
353.822,81.507,14.725,0.22,0.421,113245,0,4000
354.072,81.005,13.765,0.212,0.459,113245,0,4000
354.322,75.756,12.701,0.187,0.465,113245,0,4000
354.572,69.075,12.392,0.139,0.439,113245,0,4000
354.822,66.33,12.832,0.117,0.379,113245,0,4000
355.072,69.008,13.781,0.141,0.33,113245,0,4000
355.322,75.717,14.415,0.211,0.393,113245,0,4000
355.572,80.679,14.523,0.234,0.423,113245,0,4000
355.822,85.204,14.209,0.228,0.449,113245,0,4000
356.072,85.259,13.902,0.219,0.459,113245,0,4000
356.322,84.42,13.2,0.21,0.462,113245,0,4000
356.572,84.356,12.218,0.207,0.468,113245,0,4000
356.822,84.877,11.214,0.222,0.482,113245,0,4000
357.072,85.12,10.483,0.232,0.489,113245,0,4000
357.322,84.401,10.182,0.224,0.497,113245,0,4000
357.572,84.218,9.944,0.221,0.502,113245,0,4000
357.822,84.213,9.73,0.221,0.506,113245,0,4000
358.072,84.567,9.556,0.222,0.502,113245,0,4000
358.322,86.339,9.5,0.222,0.479,113245,0,4000
358.572,88.073,9.571,0.223,0.463,113245,0,4000
358.822,87.353,9.639,0.223,0.461,113245,0,4000
359.072,86.812,9.708,0.218,0.463,113245,0,4000
359.322,87.523,9.742,0.212,0.464,113245,0,4000
359.572,88.889,9.741,0.209,0.464,113245,0,4000
359.822,88.347,9.725,0.213,0.47,113245,0,4000
360.072,86.852,9.652,0.218,0.484,113245,0,4000
360.322,87.086,9.581,0.222,0.491,113245,0,4000
360.572,87.142,9.459,0.229,0.487,113245,0,4000
360.822,86.899,9.39,0.221,0.472,113245,0,4000
361.072,86.179,9.356,0.204,0.457,113245,0,4000
361.322,84.594,9.192,0.199,0.461,113245,0,4000
361.572,83.845,9.054,0.194,0.474,113245,0,4000
361.822,83.363,9.053,0.203,0.491,113245,0,4000
362.072,81.094,9.299,0.209,0.486,113245,0,4000
362.322,78.229,9.843,0.218,0.457,113245,0,4000
362.572,76.615,10.748,0.238,0.419,113245,0,4000
362.822,79.153,12.411,0.274,0.403,113245,0,4000
363.072,81.135,14.347,0.287,0.392,113245,0,4000
363.322,78.27,16.418,0.29,0.415,113245,0,4000
363.572,74.689,16.846,0.28,0.435,113245,0,4000
363.822,70.99,16.053,0.274,0.455,113245,0,4000
364.072,68.005,14.683,0.277,0.466,113245,0,4000
364.322,67.006,13.31,0.293,0.434,113245,0,4000
364.572,67.995,14.468,0.308,0.399,113245,0,4000
364.822,67.991,15.431,0.309,0.395,113245,0,4000
365.072,65.483,16.983,0.311,0.389,113245,0,4000
365.322,62.736,19.115,0.314,0.38,113245,0,4000
365.572,61.063,21.93,0.305,0.373,113245,0,4000
365.822,60.472,26.163,0.247,0.366,113245,0,4000
366.072,58.729,28.222,0.159,0.335,113245,0,4000
366.322,57.293,32.071,0.111,0.283,113245,0,4000
366.572,57.826,37.043,0.073,0.246,113245,0,4000
366.822,59.61,41.715,0.055,0.244,113245,0,4000
367.072,62.108,43.333,0.063,0.276,113245,0,4000
367.322,65.113,38.359,0.1,0.339,113245,0,4000
367.572,65.853,32.592,0.144,0.418,113245,0,4000
367.822,62.509,26.487,0.117,0.388,113245,0,4000
368.072,61.492,22.612,0.087,0.329,113245,0,4000
368.322,62.442,21.038,0.058,0.29,113245,0,4000
368.572,65.358,20.922,0.047,0.288,113245,0,4000
368.822,72.187,20.792,0.093,0.323,113245,0,4000
369.072,80.129,20.175,0.157,0.372,113245,0,4000
369.322,78.693,19.453,0.171,0.387,113245,0,4000
369.572,78.868,18.552,0.175,0.38,113245,0,4000
369.822,80.056,17.899,0.182,0.384,113245,0,4000
370.072,81.303,17.514,0.192,0.406,113245,0,4000
370.322,81.248,16.979,0.197,0.428,113245,0,4000
370.572,80.994,16.23,0.196,0.426,113245,0,4000
370.822,82.419,15.765,0.184,0.424,113245,0,4000
371.072,84.025,15.229,0.184,0.418,113245,0,4000
371.322,85.451,14.577,0.19,0.421,113245,0,4000
371.572,86.46,13.885,0.197,0.433,113245,0,4000
371.822,86.683,13.257,0.206,0.442,113245,0,4000
372.072,85.436,13.057,0.205,0.443,113245,0,4000
372.322,84.956,12.682,0.2,0.454,113245,0,4000
372.572,85.368,12.251,0.201,0.459,113245,0,4000
372.822,86.198,11.771,0.208,0.455,113245,0,4000
373.072,87.504,11.314,0.215,0.448,113245,0,4000
373.322,90.081,10.907,0.211,0.452,113245,0,4000
373.572,91.07,10.505,0.199,0.451,113245,0,4000
373.822,90.827,10.129,0.208,0.458,113245,0,4000
374.072,90.763,9.714,0.208,0.466,113245,0,4000
374.322,90.401,9.473,0.201,0.473,113245,0,4000
374.572,89.92,9.455,0.188,0.475,113245,0,4000
374.822,90.203,9.635,0.171,0.464,113245,0,4000
375.072,90.446,9.855,0.169,0.456,113245,0,4000
375.322,90.441,9.997,0.185,0.46,113245,0,4000
375.572,91.152,10.032,0.206,0.464,113245,0,4000
375.822,91.744,9.958,0.22,0.468,113245,0,4000
376.072,92.276,9.815,0.221,0.469,113245,0,4000
376.322,93.85,9.673,0.212,0.465,113245,0,4000
376.572,94.59,9.672,0.206,0.471,113245,0,4000
376.822,93.87,9.671,0.204,0.476,113245,0,4000
377.072,92.793,9.775,0.197,0.477,113245,0,4000
377.322,91.954,9.916,0.186,0.476,113245,0,4000
377.572,91.771,10.042,0.179,0.473,113245,0,4000
377.822,92.581,10.144,0.191,0.471,113245,0,4000
378.072,93.073,10.297,0.209,0.465,113245,0,4000
378.322,92.83,10.371,0.21,0.468,113245,0,4000
378.572,91.692,10.501,0.208,0.463,113245,0,4000
378.822,90.138,10.691,0.204,0.453,113245,0,4000
379.072,88.227,10.982,0.194,0.439,113245,0,4000
379.322,85.6,11.471,0.166,0.422,113245,0,4000
379.572,83.807,12.219,0.138,0.398,113245,0,4000
379.822,88.768,13.068,0.193,0.416,113245,0,4000
380.072,91.367,13.323,0.209,0.435,113245,0,4000
380.322,92.077,13.225,0.211,0.449,113245,0,4000
380.572,91.655,12.868,0.211,0.452,113245,0,4000
380.822,92.128,12.323,0.215,0.448,113245,0,4000
381.072,94.803,11.566,0.217,0.45,113245,0,4000
381.322,95.792,11.221,0.218,0.455,113245,0,4000
381.572,95.272,11.153,0.217,0.458,113245,0,4000
381.822,94.314,11.192,0.216,0.456,113245,0,4000
382.072,93.594,11.293,0.214,0.45,113245,0,4000
382.322,93.589,11.456,0.215,0.443,113245,0,4000
382.572,92.69,11.559,0.218,0.449,113245,0,4000
382.822,93.183,11.645,0.222,0.453,113245,0,4000
383.072,94.171,11.535,0.221,0.459,113245,0,4000
383.322,94.047,11.327,0.214,0.465,113245,0,4000
383.572,92.851,11.104,0.204,0.468,113245,0,4000
383.822,92.369,10.943,0.199,0.461,113245,0,4000
384.072,89.682,10.843,0.202,0.452,113245,0,4000
384.322,89.677,11.007,0.201,0.453,113245,0,4000
384.572,90.567,11.279,0.203,0.453,113245,0,4000
384.822,91.874,11.485,0.196,0.457,113245,0,4000
385.072,93.359,11.505,0.186,0.463,113245,0,4000
385.322,95.024,11.339,0.192,0.453,113245,0,4000
385.572,97.7,11.236,0.205,0.462,113245,0,4000
385.822,95.212,11.234,0.208,0.46,113245,0,4000
386.072,92.743,11.355,0.205,0.453,113245,0,4000
386.322,91.667,11.561,0.196,0.446,113245,0,4000
386.572,92.497,11.771,0.186,0.443,113245,0,4000
386.822,94.4,11.855,0.182,0.435,113245,0,4000
387.072,99.162,11.854,0.19,0.441,113245,0,4000
387.322,103.876,11.675,0.203,0.443,113245,0,4000
387.572,106.246,11.388,0.204,0.451,113245,0,4000
387.822,107.433,11.062,0.204,0.46,113245,0,4000
388.072,107.965,10.726,0.208,0.462,113245,0,4000
388.322,108.675,10.346,0.214,0.449,113245,0,4000
388.572,104.795,9.977,0.199,0.449,113245,0,4000
388.822,99.328,9.606,0.206,0.459,113245,0,4000
389.072,95.37,9.329,0.201,0.461,113245,0,4000
389.322,91.67,9.195,0.196,0.461,113245,1,4000
389.572,88.328,9.292,0.191,0.453,113245,0,4000
389.822,85.701,9.706,0.179,0.427,113245,0,4000
390.072,80.63,11.114,0.164,0.401,113245,0,4000
390.322,78.639,13.077,0.204,0.382,113245,0,4000
390.572,76.091,15.808,0.218,0.373,113245,0,4000
390.822,73.226,18.973,0.229,0.375,113245,0,4000
391.072,70.599,21.179,0.243,0.385,113245,0,4000
391.322,68.688,21.485,0.26,0.389,113245,0,4000
391.572,68.385,20.72,0.271,0.393,113245,0,4000
391.822,70.366,19.95,0.27,0.39,113245,0,4000
392.072,72.905,19.054,0.268,0.388,113245,0,4000
392.322,74.569,18.044,0.266,0.388,113245,0,4000
392.572,74.982,17.129,0.263,0.393,113245,0,4000
392.822,75.413,16.369,0.252,0.41,113245,0,4000
393.072,76.402,15.648,0.24,0.421,113245,0,4000
393.322,74.729,15.088,0.239,0.44,113245,0,4000
393.572,69.658,14.55,0.245,0.449,113245,0,4000
393.822,67.389,14.084,0.259,0.446,113245,0,4000
394.072,69.769,13.707,0.277,0.434,113245,0,4000
394.322,74.989,13.392,0.294,0.422,113245,0,4000
394.572,78.46,13.29,0.294,0.428,113245,0,4000
394.822,77.979,13.289,0.281,0.45,113245,0,4000
395.072,78.034,13.359,0.27,0.458,113245,0,4000
395.322,78.148,13.309,0.262,0.453,113245,0,4000
395.572,78.144,13.093,0.257,0.442,113245,0,4000
395.822,77.989,12.733,0.248,0.444,113245,0,4000
396.072,77.239,12.355,0.232,0.458,113245,0,4000
396.322,73.421,12.176,0.224,0.451,113245,0,4000
396.572,68.886,12.329,0.212,0.445,113245,0,4000
396.822,66.141,12.91,0.193,0.44,113245,0,4000
397.072,65.54,13.81,0.172,0.435,113245,0,4000
397.322,65.148,14.68,0.169,0.42,113245,0,4000
397.572,64.398,15.477,0.187,0.412,113245,0,4000
397.822,62.248,16.39,0.188,0.404,113245,0,4000
398.072,60.277,17.361,0.174,0.384,113245,0,4000
398.322,58.842,18.71,0.16,0.358,113245,0,4000
398.572,57.884,20.631,0.151,0.337,113245,0,4000
398.822,56.726,23.552,0.151,0.331,113245,0,4000
399.072,55.728,26.602,0.155,0.334,113245,0,4000
399.322,57.393,30.021,0.166,0.353,113245,0,4000
399.572,60.309,31.859,0.188,0.375,113245,0,4000
399.822,63.641,31.381,0.204,0.39,113245,0,4000
400.072,66.557,29.063,0.209,0.4,113245,0,4000
400.322,68.518,25.452,0.213,0.417,113245,0,4000
400.572,70.004,22.595,0.22,0.441,113245,0,4000
400.822,70.477,20.391,0.181,0.452,113245,0,4000
401.072,69.876,19.582,0.161,0.43,113245,0,4000
401.322,70.705,19.65,0.162,0.405,113245,0,4000
401.572,73.025,20.154,0.177,0.393,113245,0,4000
401.822,75.047,20.384,0.186,0.398,113245,0,4000
402.072,78.022,20.077,0.199,0.421,113245,0,4000
402.322,80.879,19.218,0.208,0.427,113245,0,4000
402.572,82.483,17.59,0.216,0.434,113245,0,4000
402.822,83.074,15.771,0.209,0.445,113245,0,4000
403.072,83.069,14.114,0.192,0.455,113245,0,4000
403.322,84.008,12.693,0.194,0.451,113245,0,4000
403.572,88.722,12.316,0.208,0.452,113245,0,4000
403.822,89.432,12.226,0.205,0.448,113245,0,4000
404.072,88.891,12.203,0.202,0.449,113245,0,4000
404.322,87.457,12.202,0.198,0.45,113245,0,4000
404.572,86.081,12.178,0.19,0.446,113245,0,4000
404.822,86.413,12.053,0.172,0.438,113245,0,4000
405.072,86.905,11.871,0.16,0.437,113245,0,4000
405.322,86.901,11.784,0.163,0.438,113245,0,4000
405.572,87.791,11.698,0.176,0.438,113245,0,4000
405.822,88.74,11.444,0.178,0.437,113245,0,4000
406.072,89.152,11.058,0.169,0.436,113245,0,4000
406.322,88.918,10.71,0.171,0.435,113245,0,4000
406.572,90.156,10.549,0.194,0.43,113245,0,4000
406.822,90.151,10.472,0.199,0.44,113245,0,4000
407.072,89.968,10.395,0.2,0.443,113245,0,4000
407.322,90.441,10.319,0.189,0.443,113245,0,4000
407.572,91.747,10.244,0.172,0.442,113245,0,4000
407.822,93.311,10.153,0.176,0.442,113245,0,4000
408.072,92.81,10.076,0.183,0.446,113245,0,4000
408.322,91.613,10.003,0.179,0.447,113245,0,4000
408.572,92.562,9.93,0.171,0.446,113245,0,4000
408.822,92.677,9.821,0.16,0.442,113245,0,4000
409.072,91.778,9.715,0.16,0.437,113245,0,4000
409.322,92.388,9.699,0.191,0.44,113245,0,4000
409.572,91.887,9.625,0.178,0.446,113245,0,4000
409.822,91.406,9.555,0.163,0.442,113245,0,4000
410.072,91.997,9.485,0.161,0.438,113245,0,4000
410.322,93.662,9.416,0.168,0.435,113245,0,4000
410.572,96.637,9.347,0.176,0.435,113245,0,4000
410.822,101.698,9.292,0.175,0.441,113245,0,4000
411.072,103.184,9.362,0.177,0.439,113245,0,4000
411.322,101.749,9.497,0.177,0.421,113245,0,4000
411.572,96.738,9.634,0.171,0.413,113245,0,4000
411.822,92.442,9.739,0.16,0.409,113245,0,4000
412.072,91.365,9.791,0.151,0.408,113245,0,4000
412.322,94.766,9.715,0.16,0.419,113245,0,4000
412.572,97.493,9.356,0.175,0.445,113245,0,4000
412.822,97.251,8.891,0.156,0.456,113245,0,4000
413.072,97.365,8.591,0.14,0.46,113245,0,4000
413.322,98.195,8.65,0.122,0.435,113245,0,4000
413.572,100.038,9.018,0.113,0.398,113245,0,4000
413.822,103.033,9.265,0.151,0.413,113245,0,4000
414.072,102.531,8.856,0.209,0.459,113245,0,4000
414.322,100.619,8.477,0.213,0.471,113245,0,4000
414.572,98.171,8.524,0.223,0.458,113245,0,4000
414.822,94.829,9.017,0.209,0.432,113245,0,4000
415.072,90.475,9.958,0.176,0.408,113245,0,4000
415.322,83.04,11.376,0.168,0.394,113245,0,4000
415.572,72.107,12.366,0.22,0.382,113245,0,4000
415.822,62.092,13.663,0.292,0.352,113245,0,4000
416.072,51.359,15.419,0.341,0.306,113245,0,4000
416.322,43.605,17.447,0.364,0.277,113245,0,4000
416.572,40.561,19.409,0.364,0.278,113245,0,4000
416.822,42.583,20.243,0.344,0.31,113245,0,4000
417.072,45.558,17.58,0.333,0.351,113245,0,4000
417.322,50.082,13.86,0.318,0.385,113245,0,4000
417.572,52.999,11.832,0.31,0.403,113245,0,4000
417.822,56.093,11.044,0.298,0.408,113245,0,4000
418.072,59.963,11.12,0.277,0.404,113245,0,4000
418.322,64.904,11.903,0.248,0.392,113245,0,4000
418.572,69.37,13.038,0.207,0.385,113245,0,4000
418.822,67.22,14.005,0.192,0.365,113245,0,4000
419.072,59.885,14.501,0.212,0.348,113245,0,4000
419.322,53.086,14.606,0.249,0.339,113245,0,4000
419.572,49.208,14.446,0.286,0.334,113245,0,4000
419.822,47.245,14.071,0.314,0.335,113245,0,4000
420.072,46.991,13.756,0.331,0.349,113245,0,4000
420.322,47.703,13.459,0.331,0.364,113245,0,4000
420.572,48.95,13.096,0.323,0.377,113245,0,4000
420.822,50.495,12.768,0.312,0.391,113245,0,4000
421.072,51.801,12.516,0.301,0.403,113245,0,4000
421.322,52.035,12.336,0.291,0.405,113245,0,4000
421.572,52.625,12.446,0.275,0.406,113245,0,4000
421.822,52.621,12.921,0.269,0.409,113245,0,4000
422.072,53.153,13.516,0.241,0.408,113245,0,4000
422.322,54.818,14.463,0.208,0.402,113245,0,4000
422.572,58.628,15.753,0.174,0.382,113245,0,4000
422.822,66.014,17.069,0.122,0.331,113245,0,4000
423.072,76.736,18.85,0.131,0.316,113245,0,4000
423.322,82.69,19.423,0.161,0.354,113245,0,4000
423.572,85.13,18.491,0.169,0.373,113245,0,4000
423.822,87.271,15.671,0.175,0.393,113245,0,4000
424.072,89.769,12.66,0.194,0.417,113245,0,4000
424.322,91.909,10.758,0.233,0.45,113245,0,4000
424.572,84.753,10.375,0.258,0.461,113245,0,4000
424.822,78.044,10.61,0.255,0.444,113245,0,4000
425.072,71.155,11.241,0.24,0.421,113245,0,4000
425.322,66.622,12.652,0.217,0.399,113245,0,4000
425.572,66.796,15.008,0.204,0.379,113245,0,4000
425.822,72.513,17.516,0.232,0.361,113245,0,4000
426.072,76.382,19.344,0.258,0.402,113245,0,4000
426.322,80.102,19.931,0.252,0.425,113245,0,4000
426.572,80.663,20.708,0.258,0.435,113245,0,4000
426.822,80.778,21.699,0.26,0.433,113245,0,4000
427.072,81.549,22.788,0.255,0.421,113245,0,4000
427.322,83.213,23.802,0.258,0.411,113245,0,4000
427.572,78.737,26.049,0.267,0.413,113245,0,4000
427.822,75.504,28.91,0.268,0.435,113245,0,4000
428.072,76.285,31.336,0.265,0.444,113245,0,4000
428.322,78.306,33.58,0.26,0.445,113245,0,4000
428.572,80.388,35.338,0.256,0.445,113245,0,4000
428.822,82.291,36.375,0.258,0.45,113245,0,4000
429.072,84.074,34.45,0.261,0.449,113245,0,4000
429.322,85.31,30.259,0.242,0.432,113245,0,4000
429.572,86.091,27.016,0.225,0.421,113245,0,4000
429.822,87.159,24.061,0.21,0.411,113245,0,4000
430.072,88.525,19.012,0.199,0.401,113245,0,4000
430.322,90.208,11.377,0.189,0.395,113245,0,4000
430.572,92.687,8.56,0.176,0.408,113245,0,4000
430.822,92.443,6.956,0.19,0.435,113245,0,4000
431.072,92.916,6.008,0.201,0.441,113245,0,4000
431.322,94.581,5.523,0.209,0.442,113245,0,4000
431.572,95.947,5.386,0.21,0.446,113245,0,4000
431.822,93.508,5.664,0.196,0.442,113245,0,4000
432.072,93.255,6.348,0.184,0.397,113245,0,4000
432.322,95.396,7.164,0.202,0.426,113245,0,4000
432.572,94.677,7.562,0.2,0.447,113245,0,4000
432.822,92.169,7.617,0.2,0.45,113245,0,4000
433.072,88.886,7.494,0.208,0.442,113245,0,4000
433.322,85.633,7.429,0.229,0.447,113245,0,4000
433.572,84.882,7.953,0.276,0.482,113245,0,4000
433.822,86.308,8.302,0.311,0.507,113245,0,4000
434.072,87.377,8.44,0.329,0.538,113245,0,4000
434.322,87.85,8.408,0.33,0.562,113245,0,4000
434.572,87.725,8.241,0.309,0.56,113245,0,4000
434.822,86.945,7.85,0.256,0.505,113245,0,4000
435.072,85.451,7.393,0.23,0.492,113245,0,4000
435.322,83.301,7.181,0.231,0.532,113245,0,4000
435.572,77.932,7.091,0.222,0.539,113245,0,4000
435.822,72.564,7.065,0.208,0.514,113245,0,4000
436.072,71.487,7.064,0.19,0.471,113245,0,4000
436.322,81.356,7.042,0.167,0.448,113245,0,4000
436.572,87.808,6.936,0.188,0.505,113245,0,4000
436.822,91.14,6.835,0.206,0.493,113245,0,4000
437.072,90.003,6.847,0.186,0.465,113245,0,4000
437.322,85.35,6.97,0.154,0.439,113245,0,4000
437.572,80.757,7.212,0.14,0.427,113245,0,4000
437.822,83.463,7.655,0.193,0.457,113245,0,4000
438.072,88.673,8.01,0.251,0.547,113245,0,4000
438.322,87.238,8.125,0.233,0.538,113245,0,4000
438.572,84.373,8.022,0.214,0.514,113245,0,4000
438.822,83.653,7.907,0.213,0.489,113245,0,4000
439.072,85.853,7.905,0.222,0.469,113245,0,4000
439.322,89.644,8.15,0.211,0.452,113245,0,4000
439.572,93.115,8.527,0.207,0.448,113245,0,4000
439.822,92.872,8.902,0.21,0.449,113245,0,4000
440.072,95.132,9.197,0.242,0.439,113245,0,4000
440.322,98.227,9.365,0.252,0.436,113245,0,4000
440.572,100.785,9.311,0.241,0.452,113245,0,4000
440.822,100.64,8.876,0.257,0.496,113245,0,4000
441.072,95.172,8.677,0.249,0.485,113245,0,4000
441.322,91.592,8.866,0.253,0.471,113245,0,4000
441.572,87.654,9.353,0.222,0.457,113245,0,4000
441.822,85.862,9.946,0.174,0.431,113245,0,4000
442.072,86.811,10.557,0.145,0.399,113245,0,4000
442.322,89.636,11.388,0.2,0.383,113245,0,4000
442.572,91.866,12.007,0.234,0.381,113245,0,4000
442.822,89.239,12.357,0.247,0.361,113245,0,4000
443.072,83.931,13.264,0.259,0.346,113245,0,4000
443.322,77.967,14.708,0.276,0.329,113245,0,4000
443.572,73.969,16.484,0.289,0.319,113245,0,4000
443.822,76.348,18.096,0.269,0.347,113245,0,4000
444.072,82.303,19.372,0.256,0.38,113245,0,4000
444.322,85.874,18.953,0.241,0.381,113245,0,4000
444.572,87.658,17.043,0.231,0.384,113245,0,4000
444.822,89.203,15.02,0.231,0.389,113245,0,4000
445.072,90.629,13.584,0.241,0.395,113245,0,4000
445.322,89.977,13.143,0.264,0.405,113245,0,4000
445.572,86.744,13.857,0.277,0.405,113245,0,4000
445.822,86.264,14.78,0.284,0.407,113245,0,4000
446.072,85.961,15.767,0.29,0.412,113245,0,4000
446.322,85.599,16.825,0.29,0.413,113245,0,4000
446.572,85.237,17.678,0.283,0.406,113245,0,4000
446.822,85.231,17.885,0.263,0.392,113245,0,4000
447.072,85.225,19.001,0.249,0.379,113245,0,4000
447.322,86.414,19.414,0.236,0.365,113245,0,4000
447.572,89.569,18.679,0.229,0.379,113245,0,4000
447.822,95.167,16.755,0.232,0.392,113245,0,4000
448.072,102.254,14.322,0.237,0.395,113245,0,4000
448.322,109.142,11.49,0.23,0.394,113245,0,4000
448.572,112.615,9.215,0.225,0.395,113245,0,4000
448.822,118.569,8.073,0.226,0.413,113245,0,4000
449.072,125.24,7.83,0.23,0.46,113245,0,4000
449.322,128.454,7.998,0.231,0.495,113245,0,4000
449.572,127.675,8.338,0.226,0.494,113245,0,4000
449.822,125.108,8.71,0.211,0.439,113245,0,4000
450.072,120.633,9.044,0.195,0.381,113245,0,4000
450.322,116.098,9.109,0.198,0.391,113245,0,4000
450.572,115.855,8.298,0.198,0.399,113245,0,4000
450.822,116.923,7.395,0.196,0.406,113245,0,4000
451.072,117.634,6.769,0.193,0.418,113245,0,4000
451.322,117.678,6.459,0.188,0.454,113245,0,4000
451.572,117.923,6.128,0.198,0.483,113245,0,4000
451.822,117.918,5.952,0.209,0.5,113245,0,4000
452.072,117.019,5.782,0.215,0.518,113245,0,4000
452.322,114.631,5.596,0.21,0.528,113245,0,4000
452.572,110.634,5.417,0.198,0.529,113245,0,4000
452.822,104.091,5.268,0.188,0.533,113245,0,4000
453.072,97.631,5.112,0.181,0.524,113245,0,4000
453.322,93.574,5.037,0.207,0.545,113245,0,4000
453.572,88.265,4.992,0.222,0.554,113245,0,4000
453.822,82.181,5.045,0.215,0.539,113245,0,4000
454.072,76.277,5.247,0.186,0.495,113245,0,4000
454.322,69.745,5.832,0.142,0.403,113245,0,4000
454.572,58.565,7.009,0.113,0.312,113245,0,4000
454.822,49.264,11.985,0.094,0.288,113245,0,4000
455.072,32.81,17.157,0.09,0.301,113245,0,4000
455.322,22.077,22.206,0.088,0.332,113245,0,4000
455.572,20.105,29.67,0.106,0.358,113245,0,4000
455.822,19.852,38.889,0.193,0.351,113245,0,4000
456.072,18.604,46.734,0.171,0.317,113245,0,4000
456.322,18.362,62.943,0.145,0.288,113245,0,4000
456.572,17.941,80.756,0.186,0.282,113245,0,4000
456.822,17.221,99.837,0.228,0.292,113245,0,4000
457.072,15.9,136.939,0.208,0.331,113245,0,4000
