DEPT,GR,ILD,DPHI,NPHI,SitID,Pick,Formation,VSH,RESD
355.0,88.426,2.88,0.246,0.502,102565,0,13000,0.9151422591478774,1.0577937663640486
355.25,90.213,2.87,0.247,0.511,102565,0,13000,0.9410925105661014,1.054315514086017
355.5,91.635,2.915,0.249,0.521,102565,0,13000,0.961742346893306,1.069873250328304
355.75,89.871,3.012,0.248,0.534,102565,0,13000,0.9361260942342419,1.1026076299852567
356.0,87.617,3.159,0.243,0.541,102565,0,13000,0.9033942158365493,1.1502586873736589
356.25,86.037,3.257,0.239,0.525,102565,0,13000,0.8804499532507665,1.1808095965994845
356.5,86.785,3.34,0.236,0.516,102565,0,13000,0.891312173766061,1.205973800996103
356.75,89.372,3.316,0.246,0.525,102565,0,13000,0.9288797733289853,1.1987622529500455
357.0,89.447,3.237,0.247,0.497,102565,0,13000,0.9299688997175511,1.1746500642195332
357.25,88.85,3.184,0.254,0.479,102565,0,13000,0.9212994536645683,1.1581414086807222
357.5,88.494,3.203,0.256,0.501,102565,0,13000,0.9161297337401768,1.1640909926952039
357.75,83.055,3.278,0.249,0.522,102565,0,13000,0.8371462880413965,1.1872365309576194
358.0,79.82,3.374,0.243,0.535,102565,0,13000,0.7901686364812649,1.2161019479605226
358.25,78.668,3.486,0.23,0.465,102565,0,13000,0.7734396551528968,1.2487578157110413
358.5,83.828,3.54,0.209,0.443,102565,0,13000,0.8483715506862131,1.2641295520004503
358.75,90.459,3.528,0.222,0.427,102565,0,13000,0.9446648451205969,1.260733972607648
359.0,91.759,3.477,0.241,0.434,102565,0,13000,0.9635430358557344,1.246172729064154
359.25,87.606,3.362,0.259,0.445,102565,0,13000,0.9032344772995595,1.2125390094019883
359.5,84.309,3.203,0.256,0.462,102565,0,13000,0.855356481258214,1.1640909926952039
359.75,84.323,3.143,0.253,0.483,102565,0,13000,0.8555597848507461,1.1451809394839292
360.0,85.194,3.086,0.252,0.497,102565,0,13000,0.8682081726432886,1.1268789943764188
360.25,82.819,3.082,0.254,0.484,102565,0,13000,0.8337191703387099,1.1255819815389936
360.5,76.03,3.147,0.243,0.5,102565,0,13000,0.7351314496457478,1.1464527957067094
360.75,70.467,3.307,0.22,0.508,102565,0,13000,0.6543473149845388,1.1960444578838048
361.0,68.273,3.658,0.2,0.431,102565,0,13000,0.6224867376976985,1.2969192836992183
361.25,69.512,3.925,0.193,0.4,102565,0,13000,0.640479105636803,1.367368899001827
361.5,74.981,4.292,0.215,0.399,102565,0,13000,0.7198982018910096,1.4567551546818607
361.75,78.669,4.729,0.227,0.419,102565,0,13000,0.7734541768380775,1.5537158782714715
362.0,80.645,4.997,0.208,0.447,102565,0,13000,0.802149026755487,1.6088397335607858
362.25,81.575,4.85,0.201,0.467,102565,0,13000,0.8156541939737011,1.578980766802936
362.5,81.957,4.699,0.205,0.456,102565,0,13000,0.8212014777127953,1.5473518482307784
362.75,82.766,4.639,0.214,0.433,102565,0,13000,0.8329495210241236,1.534500981404274
363.0,84.678,4.668,0.229,0.446,102565,0,13000,0.8607149830899569,1.5407328566670877
363.25,81.199,4.705,0.239,0.447,102565,0,13000,0.810194040345692,1.5486278984335964
363.5,78.761,4.707,0.244,0.452,102565,0,13000,0.774790171874718,1.5490528869121807
363.75,83.924,4.621,0.222,0.433,102565,0,13000,0.8497656324635771,1.5306132959195466
364.0,86.264,4.468,0.219,0.423,102565,0,13000,0.883746375786825,1.4969431193423188
364.25,84.316,4.512,0.219,0.424,102565,0,13000,0.8554581330544802,1.5067427305053582
364.5,80.408,4.715,0.22,0.45,102565,0,13000,0.7987073873676197,1.5507510369739457
364.75,77.173,4.927,0.224,0.465,102565,0,13000,0.7517297358074883,1.5947323131924027
365.0,76.145,5.296,0.233,0.479,102565,0,13000,0.7368014434415484,1.666953706850447
365.25,76.956,5.903,0.237,0.445,102565,0,13000,0.7485785301232384,1.7754623903109883
365.5,73.046,6.321,0.239,0.417,102565,0,13000,0.6917987410660161,1.8438790055170702
365.75,67.115,6.808,0.211,0.403,102565,0,13000,0.605670626258245,1.9180998601301587
366.0,62.35,7.195,0.18,0.393,102565,0,13000,0.5364747963713745,1.9733877301924305
366.25,59.359,7.489,0.164,0.378,102565,0,13000,0.4930404359953766,2.0134366125581
366.5,56.922,7.311,0.256,0.385,102565,0,13000,0.4576510892095836,1.9893814311121856
366.75,63.615,6.884,0.284,0.399,102565,0,13000,0.5548447281251817,1.9292013309920497
367.0,66.569,6.657,0.259,0.411,102565,0,13000,0.5977417861494871,1.8956704347955966
367.25,61.62,6.89,0.231,0.44,102565,0,13000,0.5258739661893355,1.9300725364033238
367.5,59.242,7.255,0.252,0.456,102565,0,13000,0.4913413988292142,1.981692264694953
367.75,59.073,7.754,0.281,0.425,102565,0,13000,0.4888872340336463,2.048210128904857
368.0,60.004,8.543,0.232,0.383,102565,0,13000,0.5024069229370411,2.145113404717784
368.25,54.38,9.485,0.214,0.369,102565,0,13000,0.42073696547979883,2.2497126576826787
368.5,45.386,10.71,0.228,0.393,102565,0,13000,0.29012892896300685,2.3711788181660376
368.75,38.72,12.465,0.287,0.383,102565,0,13000,0.19332737554729243,2.5229255192214888
369.0,34.934,14.954,0.295,0.391,102565,0,13000,0.13834827545249873,2.7049794912949
369.25,31.822,17.506,0.335,0.398,102565,0,13000,0.09315679116961499,2.862544250542803
369.5,30.181,19.141,0.352,0.395,102565,0,13000,0.06932670578779873,2.95183315370258
369.75,33.38,20.422,0.352,0.425,102565,0,13000,0.11578157668141867,3.0166132408012314
370.0,37.254,17.863,0.35,0.45,102565,0,13000,0.1720385850721293,2.882732094282971
370.25,40.393,15.535,0.366,0.468,102565,0,13000,0.21762215485489672,2.74309618655256
370.5,41.815,13.927,0.352,0.447,102565,0,13000,0.2382719911821013,2.6338301201004235
370.75,40.42,13.213,0.34,0.428,102565,0,13000,0.21801424035478037,2.5812019502621877
371.0,36.267,14.95,0.334,0.433,102565,0,13000,0.1577056817986055,2.7047119687327927
371.25,33.461,16.471,0.355,0.451,102565,0,13000,0.1169578331810695,2.8016018659280335
371.5,32.431,17.773,0.371,0.45,102565,0,13000,0.10200049744476798,2.8776810144289087
371.75,36.308,18.643,0.359,0.44,102565,0,13000,0.15830107089102136,2.9254712769075377
372.0,41.037,18.828,0.337,0.434,102565,0,13000,0.22697412011138038,2.935345654662613
372.25,44.358,17.965,0.334,0.424,102565,0,13000,0.275200636597067,2.888425977203234
372.5,39.96,15.477,0.372,0.437,102565,0,13000,0.21133426517157775,2.739355697050463
372.75,47.633,13.259,0.365,0.449,102565,0,13000,0.3227591555644335,2.5846773213369882
373.0,58.983,11.402,0.317,0.461,102565,0,13000,0.4875802823673675,2.4337896556481216
373.25,64.877,9.316,0.313,0.44,102565,0,13000,0.5731710948234462,2.2317344254435882
373.5,69.793,8.226,0.317,0.441,102565,0,13000,0.644559699172629,2.1073010854651644
373.75,71.276,7.388,0.318,0.432,102565,0,13000,0.6660953582958669,1.9998584158823687
374.0,68.471,7.72,0.304,0.417,102565,0,13000,0.6253620313635119,2.0438156593726333
374.25,67.934,8.522,0.298,0.4,102565,0,13000,0.6175638864213818,2.142652228510498
374.5,66.11,9.623,0.303,0.435,102565,0,13000,0.5910763326514654,2.2641571055506957
374.75,61.71,10.423,0.301,0.455,102565,0,13000,0.5271809178556143,2.3440158621733995
375.0,58.476,11.42,0.288,0.436,102565,0,13000,0.4802177879806638,2.435367079884223
375.25,57.692,12.253,0.278,0.425,102565,0,13000,0.4688327867988576,2.5057716210936394
375.5,61.442,12.468,0.275,0.426,102565,0,13000,0.5232891062271398,2.523166163958025
375.75,63.479,11.875,0.284,0.435,102565,0,13000,0.5528697789405826,2.4744361920256135
376.0,65.085,10.89,0.292,0.443,102565,0,13000,0.5761916053410682,2.3878458552180932
376.25,68.591,9.652,0.306,0.455,102565,0,13000,0.6271046335852167,2.2671661838169523
376.5,71.302,8.16,0.301,0.481,102565,0,13000,0.6664729221105697,2.099245394465461
376.75,72.661,7.568,0.292,0.465,102565,0,13000,0.6862078922713791,2.0239301531017695
377.0,72.061,6.98,0.281,0.439,102565,0,13000,0.6774948811628541,1.9430503494380114
377.25,71.279,6.61,0.266,0.436,102565,0,13000,0.6661389233514095,1.8885851667217546
377.5,70.495,6.538,0.257,0.456,102565,0,13000,0.6547539221696034,1.87763283782058
377.75,68.487,6.504,0.241,0.455,102565,0,13000,0.6255943783264057,1.8724189097597026
378.0,67.58,6.593,0.217,0.441,102565,0,13000,0.612423209867352,1.8860099968902124
378.25,67.103,6.903,0.202,0.433,102565,0,13000,0.6054963660360744,1.9319575483658056
378.5,69.199,7.158,0.217,0.424,102565,0,13000,0.635933818175189,1.968232009381137
378.75,71.296,7.522,0.284,0.427,102565,0,13000,0.6663857919994846,2.017833389480922
379.0,66.162,8.011,0.305,0.429,102565,0,13000,0.591831460280871,2.0808168455158107
379.25,63.05,8.498,0.322,0.42,102565,0,13000,0.5466399759979871,2.1398320184393973
379.5,63.8,8.998,0.335,0.417,102565,0,13000,0.5575312398836435,2.1970034417764426
379.75,65.405,8.783,0.343,0.419,102565,0,13000,0.5808385445989483,2.1728191734974653
380.0,67.258,7.727,0.355,0.419,102565,0,13000,0.6077472272391101,2.044721983113933
380.25,68.741,6.758,0.339,0.428,102565,0,13000,0.6292828863623482,1.9107284680187335
380.5,72.982,6.162,0.34,0.441,102565,0,13000,0.6908693532144401,1.8184030230228834
380.75,78.326,5.781,0.336,0.452,102565,0,13000,0.7684732388210372,1.7545784079033748
381.0,86.001,5.675,0.317,0.466,102565,0,13000,0.8799271725842549,1.736072325480451
381.25,89.568,5.71,0.299,0.474,102565,0,13000,0.9317260236244368,1.7422207749798704
381.5,91.785,5.865,0.27,0.433,102565,0,13000,0.9639205996704373,1.7690041871338231
381.75,90.328,5.947,0.242,0.426,102565,0,13000,0.9427625043619022,1.782888572243137
382.0,88.136,5.848,0.242,0.411,102565,0,13000,0.9109309704454235,1.7661014324323354
382.25,88.577,5.687,0.236,0.397,102565,0,13000,0.9173350336101895,1.7381846267194592
382.5,87.917,5.604,0.225,0.412,102565,0,13000,0.9077507213908119,1.7234824129128543
382.75,84.928,5.617,0.216,0.443,102565,0,13000,0.8643454043851757,1.7257994938584849
383.0,83.96,5.421,0.209,0.454,102565,0,13000,0.8502884131300884,1.6902821449546033
383.25,84.096,5.506,0.214,0.441,102565,0,13000,0.8522633623146876,1.7058402229192748
383.5,80.312,6.009,0.223,0.429,102565,0,13000,0.7973133055902556,1.793260009520817
383.75,76.463,6.197,0.228,0.409,102565,0,13000,0.7414193393290667,1.8240669176627091
384.0,72.924,6.649,0.242,0.395,102565,0,13000,0.6900270954739494,1.8944679714047485
384.25,71.894,6.779,0.252,0.387,102565,0,13000,0.6750697597376479,1.913831073591567
384.5,70.805,6.898,0.245,0.38,102565,0,13000,0.6592556445756748,1.9312329642091621
384.75,70.082,7.073,0.239,0.373,102565,0,13000,0.6487564661899018,1.9562861318800837
385.0,68.442,7.321,0.247,0.374,102565,0,13000,0.6249409024932664,1.9907482965971883
385.25,67.29,7.394,0.26,0.392,102565,0,13000,0.6082119211648983,2.0006702129614564
385.5,67.243,7.383,0.268,0.4,102565,0,13000,0.6075294019613969,1.9991814145390665
385.75,67.317,7.429,0.26,0.389,102565,0,13000,0.6086040066647818,2.005392606244951
386.0,66.41,7.645,0.245,0.406,102565,0,13000,0.5954328382057279,2.0340531474246437
386.25,63.36,7.914,0.262,0.41,102565,0,13000,0.5511416984040585,2.068634606545957
386.5,61.412,8.145,0.271,0.391,102565,0,13000,0.5228534556717135,2.097405469800339
386.75,59.344,8.304,0.274,0.38,102565,0,13000,0.4928226107176635,2.1167385306617286
387.0,57.946,8.418,0.277,0.395,102565,0,13000,0.4725212948347999,2.130373458278298
387.25,56.245,8.664,0.287,0.401,102565,0,13000,0.4478199083421311,2.159177663899316
387.5,55.092,9.209,0.277,0.398,102565,0,13000,0.43107640532858194,2.2201823526328743
387.75,52.839,10.07,0.272,0.395,102565,0,13000,0.39835904861607,2.3095616997786372
388.0,48.44,11.137,0.288,0.403,102565,0,13000,0.3344781555053998,2.410273796318435
388.25,44.349,12.647,0.291,0.408,102565,0,13000,0.27506994143043917,2.537420823598879
388.5,41.112,14.174,0.303,0.408,102565,0,13000,0.22806324649994605,2.6514100059049595
388.75,40.085,14.867,0.325,0.411,102565,0,13000,0.21314947581918717,2.699144664261646
389.0,48.125,14.485,0.325,0.406,102565,0,13000,0.3299038246734241,2.673114321590423
389.25,57.023,13.208,0.304,0.401,102565,0,13000,0.4591177794128521,2.580823463734439
389.5,57.466,11.662,0.286,0.398,102565,0,13000,0.4655508859479798,2.456336550285448
389.75,53.495,10.415,0.29,0.397,102565,0,13000,0.40788527409472414,2.343248034866099
390.0,54.428,9.461,0.305,0.391,102565,0,13000,0.4214340063684807,2.2471791426924703
390.25,62.1,8.792,0.298,0.4,102565,0,13000,0.5328443750761557,2.1738433544983073
390.5,71.122,8.201,0.258,0.409,102565,0,13000,0.6638590187780121,2.104257317417023
390.75,76.833,7.621,0.234,0.43,102565,0,13000,0.7467923628459906,2.0309089068468777
391.0,80.831,7.082,0.241,0.47,102565,0,13000,0.8048500601991299,1.957557765719215
391.25,83.601,6.681,0.25,0.474,102565,0,13000,0.8450751281501543,1.899269173724139
391.5,85.819,6.256,0.258,0.464,102565,0,13000,0.8772842258813356,1.8335426017072056
391.75,87.671,6.037,0.262,0.456,102565,0,13000,0.9041783868363167,1.7979088562647971
392.0,86.031,5.95,0.267,0.451,102565,0,13000,0.8803628231396812,1.783392900228395
392.25,81.876,5.941,0.271,0.444,102565,0,13000,0.8200252212131446,1.7818791525905011
392.5,79.255,5.977,0.277,0.44,102565,0,13000,0.7819638843540704,1.7879204429208582
392.75,76.02,5.98,0.283,0.436,102565,0,13000,0.734986232793939,1.788422240201945
393.0,76.65,5.983,0.282,0.43,102565,0,13000,0.7441348944578906,1.7889237858088043
393.25,77.395,5.973,0.282,0.422,102565,0,13000,0.7549535499176425,1.7872509879493366
393.5,78.572,5.987,0.282,0.422,102565,0,13000,0.7720455733755327,1.789592122227439
393.75,80.975,5.99,0.28,0.435,102565,0,13000,0.8069411828651758,1.7900930815750462
394.0,81.91,6.027,0.282,0.436,102565,0,13000,0.8205189585092942,1.796251033699796
394.25,81.188,6.075,0.284,0.437,102565,0,13000,0.8100343018087024,1.8041836353157923
394.5,80.096,6.101,0.282,0.44,102565,0,13000,0.7941766215911866,1.8084543312439334
394.75,79.007,6.08,0.279,0.429,102565,0,13000,0.7783625064292135,1.805006340713565
395.0,78.96,6.094,0.275,0.412,102565,0,13000,0.7776799872257122,1.8073063215204905
395.25,77.869,6.143,0.286,0.413,102565,0,13000,0.7618368286933774,1.8153148500495846
395.5,76.043,6.157,0.293,0.443,102565,0,13000,0.7353202315530993,1.8175912700953682
395.75,72.993,6.091,0.288,0.46,102565,0,13000,0.6910290917514297,1.8068139136195407
396.0,70.064,6.047,0.284,0.472,102565,0,13000,0.648495075856646,1.7995639350022932
396.25,67.749,6.05,0.288,0.47,102565,0,13000,0.6148773746629198,1.800059924933946
396.5,65.802,6.098,0.282,0.458,102565,0,13000,0.586603653615756,1.8079624884466468
396.75,67.04,6.336,0.273,0.461,102565,0,13000,0.6045814998696795,1.8462492327937075
397.0,67.055,6.509,0.272,0.491,102565,0,13000,0.6047993251473925,1.8731873709233764
397.25,65.965,6.725,0.28,0.465,102565,0,13000,0.5889706883002386,1.9058334124756446
397.5,62.668,7.161,0.272,0.445,102565,0,13000,0.5410926922588928,1.968651032476837
397.75,60.047,7.89,0.258,0.427,102565,0,13000,0.5030313553998187,2.0655974022841024
398.0,58.957,8.307,0.248,0.41,102565,0,13000,0.4872027185526648,2.1170997366602307
398.25,58.971,8.501,0.231,0.42,102565,0,13000,0.48740602214519696,2.140184979966726
398.5,63.457,8.051,0.111,0.357,102565,0,13000,0.5525503018666034,2.0857975493988015
398.75,66.472,7.741,0.144,0.298,102565,0,13000,0.5963331826869421,2.046532170044504
399.0,69.365,7.513,0.193,0.414,102565,0,13000,0.6383444179152142,2.016636184412359
399.25,67.419,7.196,0.238,0.435,102565,0,13000,0.6100852185532311,1.9735267057482437
399.5,68.043,6.998,0.28,0.449,102565,0,13000,0.6191467501060973,1.9456258229241838
399.75,67.813,7.001,0.286,0.46,102565,0,13000,0.615806762514496,1.9460544243614164
400.0,64.149,7.33,0.287,0.47,102565,0,13000,0.562599308011769,1.9919768801541098
400.25,59.873,7.601,0.303,0.443,102565,0,13000,0.5005045821783465,2.028281133199404
400.5,56.822,8.002,0.314,0.419,102565,0,13000,0.45619892069149615,2.0796927601218407
400.75,51.934,9.456,0.313,0.395,102565,0,13000,0.3852169235273779,2.246650518192794
401.0,46.8,11.302,0.317,0.426,102565,0,13000,0.3106625918087644,2.4249805860064106
401.25,43.076,13.792,0.325,0.43,102565,0,13000,0.256583836195185,2.624089438979079
401.5,40.882,17.283,0.342,0.434,102565,0,13000,0.2247232589083447,2.84972393802144
401.75,40.834,20.383,0.36,0.45,102565,0,13000,0.22402621801966274,3.014701710706389
402.0,42.136,23.814,0.368,0.46,102565,0,13000,0.24293345212516232,3.17027406294995
402.25,43.19,27.249,0.369,0.444,102565,0,13000,0.25823930830580477,3.305017190174063
402.5,44.369,29.796,0.371,0.432,102565,0,13000,0.2753603751340567,3.3943744919294923
402.75,45.237,31.431,0.381,0.422,102565,0,13000,0.28796519787105646,3.4477949851961203
403.0,43.044,32.411,0.372,0.425,102565,0,13000,0.25611914226939697,3.478498179889121
403.25,41.465,33.043,0.367,0.456,102565,0,13000,0.23318940136879504,3.497810046198185
403.5,41.908,32.81,0.36,0.473,102565,0,13000,0.23962250790392273,3.4907336517580903
403.75,42.349,31.965,0.368,0.47,102565,0,13000,0.24602657106868867,3.4646418670608123
404.0,44.508,30.046,0.374,0.453,102565,0,13000,0.2773788893741984,3.4027298734631812
404.25,48.016,28.885,0.375,0.436,102565,0,13000,0.32832096098870867,3.3633227754336192
404.5,50.232,27.616,0.37,0.43,102565,0,13000,0.3605010153495282,3.318395677009874
404.75,51.901,26.3,0.363,0.422,102565,0,13000,0.3847377079164091,3.2695693194117834
405.0,50.872,24.675,0.354,0.411,102565,0,13000,0.3697948938652884,3.2057909905879534
405.25,49.781,23.587,0.343,0.403,102565,0,13000,0.3539517353329535,3.1606961367640007
405.5,50.959,21.265,0.332,0.422,102565,0,13000,0.3710582804760246,3.057062998961776
405.75,51.095,18.777,0.335,0.433,102565,0,13000,0.3730332296606236,2.9326332491769698
406.0,49.576,17.448,0.339,0.425,102565,0,13000,0.3509747898708741,2.8592256020307545
406.25,47.752,18.096,0.334,0.408,102565,0,13000,0.3244872361009577,2.895691471981923
406.5,46.417,19.305,0.34,0.402,102565,0,13000,0.30510078638448923,2.9603646477165837
406.75,46.184,21.15,0.352,0.42,102565,0,13000,0.3017172337373452,3.051640378305414
407.0,51.592,22.909,0.349,0.434,102565,0,13000,0.38025050719551856,3.1315302829607843
407.25,55.894,20.693,0.348,0.446,102565,0,13000,0.44272279684364385,3.029795962084782
407.5,60.197,15.295,0.357,0.448,102565,0,13000,0.5052096081769502,2.727526631411087
407.75,64.191,9.589,0.358,0.442,102565,0,13000,0.5632092187893658,2.2606176510326126
408.0,68.067,7.375,0.351,0.447,102565,0,13000,0.6194952705504382,1.9980972581571677
408.25,70.225,6.879,0.346,0.454,102565,0,13000,0.6508330671707669,1.928474746242486
408.5,70.726,6.565,0.342,0.456,102565,0,13000,0.6581084314463855,1.8817540309828453
408.75,69.208,6.407,0.343,0.453,102565,0,13000,0.6360645133418169,1.8573927034485491
409.0,68.179,6.278,0.34,0.447,102565,0,13000,0.6211216992906963,1.8370530512824625
409.25,64.454,6.163,0.333,0.443,102565,0,13000,0.5670284219919359,1.8185652945651924
409.5,60.791,6.131,0.334,0.442,102565,0,13000,0.5138354891743899,1.8133594998345135
409.75,57.128,6.394,0.344,0.433,102565,0,13000,0.4606425563568439,1.855361614602645
410.0,54.322,6.706,0.351,0.423,102565,0,13000,0.41989470773930804,1.9030041392448338
410.25,58.687,6.916,0.345,0.417,102565,0,13000,0.4832818635538284,1.9338390137424972
410.5,61.947,6.971,0.328,0.408,102565,0,13000,0.5306225572434818,1.9417601210176496
410.75,66.251,7.001,0.317,0.402,102565,0,13000,0.5931238902619689,1.9460544243614164
411.0,69.449,6.977,0.302,0.409,102565,0,13000,0.6395642394704079,1.942620458236852
411.25,72.22,6.772,0.286,0.426,102565,0,13000,0.6798038291066131,1.9127979409384341
411.5,73.888,6.61,0.276,0.436,102565,0,13000,0.7040259999883132,1.8885851667217546
411.75,73.718,6.626,0.287,0.448,102565,0,13000,0.7015573135075643,1.8910028130827228
412.0,70.667,6.794,0.292,0.473,102565,0,13000,0.6572516520207139,1.9160413416242679
412.25,66.084,7.112,0.309,0.501,102565,0,13000,0.5906987688367626,1.9617849042848556
412.5,60.952,7.574,0.334,0.493,102565,0,13000,0.5161734804885109,2.0247226497850423
412.75,58.267,7.974,0.346,0.488,102565,0,13000,0.4771827557778609,2.0761875030341232
413.0,55.523,8.92,0.34,0.438,102565,0,13000,0.43733525164153925,2.1882970676675226
413.25,53.455,10.324,0.332,0.407,102565,0,13000,0.40730440668748913,2.3344722504727136
413.5,52.056,11.203,0.325,0.408,102565,0,13000,0.3869885691194447,2.4161824921942365
413.75,49.436,12.203,0.322,0.419,102565,0,13000,0.34894175394555155,2.5016826426199885
414.0,50.614,12.97,0.318,0.426,102565,0,13000,0.3660482990886226,2.5626397693380785
414.25,50.748,13.787,0.32,0.434,102565,0,13000,0.36799420490285983,2.6237268445101836
414.5,48.801,14.433,0.326,0.435,102565,0,13000,0.3397204838556958,2.6695179442418344
414.75,48.201,15.024,0.336,0.424,102565,0,13000,0.33100747274717063,2.7096495880673896
415.0,48.46,15.819,0.343,0.418,102565,0,13000,0.3347685892090173,2.761212381367453
415.25,48.84,16.782,0.332,0.417,102565,0,13000,0.34028682957774997,2.8203074793242346
415.5,49.16,17.601,0.328,0.408,102565,0,13000,0.34493376883562993,2.867956286761208
415.75,49.296,19.359,0.335,0.398,102565,0,13000,0.346908718020229,2.9631579441772864
416.0,49.86,20.305,0.338,0.423,102565,0,13000,0.35509894846224266,3.0108676536276744
416.25,50.918,21.055,0.342,0.415,102565,0,13000,0.37046289138360866,3.0471385365603467
416.5,51.48,21.752,0.345,0.407,102565,0,13000,0.3786240784552605,3.079706167057905
416.75,51.678,22.515,0.347,0.413,102565,0,13000,0.3814993721210738,3.114182197901782
417.0,51.69,22.825,0.346,0.416,102565,0,13000,0.3816736323432443,3.127856864597037
417.25,53.849,22.706,0.345,0.424,102565,0,13000,0.41302595064875397,3.1226296471544708
417.5,55.211,20.586,0.348,0.438,102565,0,13000,0.43280448586510606,3.0246117188712756
417.75,55.774,16.538,0.353,0.43,102565,0,13000,0.4409801946219389,2.8056613679678293
418.0,54.317,14.034,0.356,0.417,102565,0,13000,0.41982209931340364,2.641483669385066
418.25,53.043,11.641,0.36,0.413,102565,0,13000,0.40132147239296856,2.454534208298464
418.5,52.934,9.972,0.357,0.44,102565,0,13000,0.3997386087082531,2.2997821684686706
418.75,53.622,8.511,0.354,0.449,102565,0,13000,0.4097295281126953,2.1413606194441983
419.0,54.187,7.849,0.352,0.424,102565,0,13000,0.4179342802398898,2.0603874091915144
419.25,54.629,7.363,0.353,0.416,102565,0,13000,0.42435286508983666,1.9964688165277191
419.5,55.011,7.066,0.358,0.429,102565,0,13000,0.4299001488289311,1.9552959641638037
419.75,55.697,6.794,0.356,0.424,102565,0,13000,0.4398620248630115,1.9160413416242679
420.0,55.893,6.532,0.354,0.414,102565,0,13000,0.442708275158463,1.8767147060317253
420.25,55.235,6.449,0.356,0.402,102565,0,13000,0.4331530063094471,1.8639266306550424
420.5,54.266,6.537,0.359,0.396,102565,0,13000,0.419081493369179,1.877479874383132
420.75,52.87,6.628,0.361,0.433,102565,0,13000,0.39880922085667714,1.8913046083139327
421.0,52.638,6.58,0.353,0.472,102565,0,13000,0.3954401898947141,1.88403626509291
421.25,52.469,6.472,0.347,0.451,102565,0,13000,0.3929860250991462,1.8674867248724258
421.5,52.604,6.365,0.352,0.428,102565,0,13000,0.3949464525985643,1.8508158031000446
421.75,52.923,6.249,0.354,0.46,102565,0,13000,0.3995788701712636,1.832423051201705
422.0,53.487,6.111,0.358,0.476,102565,0,13000,0.4077691006132772,1.8100920623048284
422.25,53.377,5.999,0.354,0.475,102565,0,13000,0.4061717152433809,1.7915944556140573
422.5,49.898,6.059,0.345,0.467,102565,0,13000,0.355650772499116,1.8015464203988558
422.75,47.889,6.073,0.353,0.462,102565,0,13000,0.3264767069707376,1.8038543635467188
423.0,48.641,6.064,0.361,0.467,102565,0,13000,0.3373970142267557,1.802371297415228
423.25,48.345,6.067,0.362,0.47,102565,0,13000,0.3330985954132166,1.802865897219887
423.5,47.255,6.081,0.357,0.463,102565,0,13000,0.3172699585660627,1.8051708006029912
423.75,45.001,6.142,0.342,0.443,102565,0,13000,0.2845380801683698,1.8151520501514635
424.0,42.749,6.273,0.309,0.425,102565,0,13000,0.25183524514103883,1.836256303246924
424.25,41.229,6.481,0.264,0.406,102565,0,13000,0.2297622836661084,1.8688763624161522
424.5,40.261,6.387,0.263,0.377,102565,0,13000,0.21570529241102124,1.8542662402585144
424.75,42.849,6.176,0.294,0.414,102565,0,13000,0.25328741365912627,1.8206724318921486
425.0,44.944,5.949,0.34,0.441,102565,0,13000,0.28371034411306,1.783224819159138
425.25,46.736,5.795,0.365,0.43,102565,0,13000,0.30973320395718834,1.7569972024157654
425.5,47.668,5.689,0.37,0.421,102565,0,13000,0.32326741454576413,1.7385362435451337
425.75,45.597,5.638,0.365,0.432,102565,0,13000,0.29319300453617153,1.7295311663689572
426.0,44.446,5.608,0.368,0.44,102565,0,13000,0.27647854489298407,1.7241959328976033
426.25,44.949,5.632,0.372,0.432,102565,0,13000,0.2837829525389643,1.7284663944223466
426.5,45.883,5.688,0.365,0.435,102565,0,13000,0.29734620649790183,1.7383604505865953
426.75,46.14,5.691,0.362,0.422,102565,0,13000,0.30107827958938677,1.7388877367798716
427.0,46.092,5.597,0.363,0.411,102565,0,13000,0.3003812387007047,1.7222325265790575
427.25,50.456,5.361,0.363,0.42,102565,0,13000,0.36375387283004434,1.6791523901672945
427.5,57.944,4.991,0.353,0.424,102565,0,13000,0.4724922514644382,1.6076382940919565
427.75,66.046,4.577,0.343,0.419,102565,0,13000,0.5901469447998895,1.5210459465063477
428.0,73.658,4.237,0.323,0.45,102565,0,13000,0.7006860123967118,1.4438578318021278
428.25,79.799,4.013,0.3,0.48,102565,0,13000,0.7898636810924667,1.3895415831829956
428.5,79.323,4.114,0.273,0.519,102565,0,13000,0.7829513589463699,1.414398221952167
428.75,72.473,4.218,0.29,0.488,102565,0,13000,0.6834778154573745,1.439363452845617
429.0,67.093,4.509,0.319,0.447,102565,0,13000,0.6053511491842658,1.5060776172231367
429.25,60.795,5.111,0.334,0.442,102565,0,13000,0.5138935759151135,1.6313970363485015
429.5,57.621,5.568,0.344,0.452,102565,0,13000,0.46780174715101547,1.717037719007517
429.75,60.701,6.042,0.345,0.446,102565,0,13000,0.5125285375081112,1.7987367380442094
430.0,64.022,6.278,0.338,0.436,102565,0,13000,0.560755053993798,1.8370530512824625
430.25,67.221,5.991,0.331,0.43,102565,0,13000,0.6072099248874179,1.790260012270817
430.5,67.726,5.504,0.325,0.445,102565,0,13000,0.6145433759037597,1.705476917489857
430.75,66.757,5.163,0.319,0.435,102565,0,13000,0.6004718629634918,1.641519742754052
431.0,67.076,4.655,0.309,0.426,102565,0,13000,0.6051042805361908,1.537944058954435
431.25,69.05,4.317,0.301,0.419,102565,0,13000,0.6337700870832386,1.4625630329940997
431.5,71.701,4.058,0.3,0.436,102565,0,13000,0.6722670744977388,1.4006927056686989
431.75,73.797,3.916,0.305,0.449,102565,0,13000,0.7027045266368533,1.3650732782911525
432.0,75.463,3.759,0.307,0.459,102565,0,13000,0.7268976541481915,1.3241556248604922
432.25,74.925,3.683,0.301,0.47,102565,0,13000,0.7190849875208807,1.3037303526370863
432.5,73.958,3.656,0.297,0.48,102565,0,13000,0.7050425179509743,1.2963723888179222
432.75,75.564,3.763,0.295,0.49,102565,0,13000,0.7283643443514598,1.3252191690619282
433.0,74.842,3.947,0.296,0.509,102565,0,13000,0.717879687650868,1.3729583302473005
433.25,74.306,4.243,0.303,0.482,102565,0,13000,0.7100960643939188,1.445272923040413
433.5,74.319,4.4,0.339,0.445,102565,0,13000,0.7102848463012703,1.4816068136489056
433.75,74.208,4.589,0.368,0.437,102565,0,13000,0.7086729392461931,1.5236643145343143
434.0,73.975,4.777,0.382,0.426,102565,0,13000,0.7052893865990492,1.5638148277696697
434.25,73.376,4.917,0.389,0.414,102565,0,13000,0.696590897175705,1.5927006221881572
434.5,71.429,5.004,0.393,0.402,102565,0,13000,0.6683171761285408,1.6102395910039466
434.75,71.013,5.006,0.392,0.396,102565,0,13000,0.6622761550932967,1.6106391906104638
435.0,72.681,5.008,0.392,0.407,102565,0,13000,0.6864983259749966,1.6110386306009155
435.25,73.674,5.01,0.389,0.431,102565,0,13000,0.7009183593596059,1.6114379111027652
435.5,38.208,5.022,0.384,0.461,102565,0,13000,0.18589227273468428,1.6138302519719612
435.75,40.98,5.034,0.38,0.476,102565,0,13000,0.22614638405607046,1.6162168832030064
436.0,43.873,5.055,0.381,0.478,102565,0,13000,0.26815761928434256,1.620379830709845
436.25,45.908,5.163,0.377,0.5,102565,0,13000,0.2977092486274237,1.641519742754052
436.5,48.251,5.334,0.374,0.516,102565,0,13000,0.3317335570062144,1.6741033005237194
436.75,49.612,5.47,0.375,0.501,102565,0,13000,0.3514975705373856,1.6992804445857836
437.0,50.116,5.482,0.374,0.484,102565,0,13000,0.35881649986854675,1.7014718220306997
437.25,50.311,5.443,0.372,0.462,102565,0,13000,0.3616482284788174,1.6943322166724952
437.5,51.857,5.395,0.37,0.451,102565,0,13000,0.38409875376845054,1.6854744522764986
437.75,54.383,5.346,0.367,0.457,102565,0,13000,0.4207805305353414,1.6763504882724038
438.0,56.417,5.319,0.364,0.462,102565,0,13000,0.45031763819324166,1.6712871958110547
438.25,60.844,5.301,0.359,0.449,102565,0,13000,0.5146051384889764,1.667897368440411
438.5,63.981,5.282,0.348,0.457,102565,0,13000,0.560159664901382,1.6643067070954125
438.75,65.955,5.264,0.328,0.475,102565,0,13000,0.5888254714484297,1.6608930937172603
439.0,69.341,5.217,0.31,0.476,102565,0,13000,0.6379958974708733,1.6519244408488458
439.25,71.374,5.16,0.305,0.473,102565,0,13000,0.6675184834435927,1.6409385174760895
439.5,71.144,5.143,0.311,0.486,102565,0,13000,0.6641784958519914,1.6376385111813223
439.75,72.136,5.117,0.306,0.496,102565,0,13000,0.6785840075514196,1.6325702840911251
440.0,73.251,5.061,0.295,0.489,102565,0,13000,0.6947756865280956,1.6215660681240809
440.25,73.571,4.996,0.289,0.483,102565,0,13000,0.6994226257859756,1.608639593862609
440.5,73.952,4.914,0.283,0.488,102565,0,13000,0.704955387839889,1.5920903090989516
440.75,74.395,4.761,0.287,0.5,102565,0,13000,0.7113884943750167,1.5604598306092516
441.0,75.02,4.709,0.296,0.509,102565,0,13000,0.7204645476130638,1.5494776948522822
441.25,73.257,4.667,0.301,0.515,102565,0,13000,0.6948628166391808,1.5405186096694754
441.5,71.004,4.677,0.306,0.503,102565,0,13000,0.662145459926669,1.5426590168641914
441.75,68.507,4.805,0.315,0.485,102565,0,13000,0.6258848120300234,1.5696591235855426
442.0,67.107,4.908,0.328,0.465,102565,0,13000,0.605554452776798,1.5908685643364018
442.25,64.242,5.119,0.335,0.466,102565,0,13000,0.5639498247335905,1.6329610609800822
442.5,62.231,5.199,0.331,0.483,102565,0,13000,0.5347467158348503,1.6484682228465455
442.75,64.209,5.27,0.322,0.488,102565,0,13000,0.5634706091226216,1.6620322600846773
443.0,65.261,5.333,0.314,0.481,102565,0,13000,0.5787474219329023,1.673915806733902
443.25,65.948,5.396,0.308,0.473,102565,0,13000,0.5887238196521635,1.685659791568403
443.5,65.472,5.481,0.307,0.462,102565,0,13000,0.5818114975060669,1.701289390546898
443.75,62.973,5.525,0.309,0.473,102565,0,13000,0.5455218062390598,1.7092850573569296
444.0,61.087,5.496,0.311,0.457,102565,0,13000,0.5181339079879291,1.7040223744234875
444.25,59.015,5.457,0.312,0.441,102565,0,13000,0.4880449762931555,1.6969010207111201
444.5,56.087,5.449,0.314,0.424,102565,0,13000,0.44552548208355286,1.6954339407983963
444.75,55.242,5.42,0.317,0.434,102565,0,13000,0.4332546581057132,1.690097660468303
445.0,56.603,5.403,0.31,0.425,102565,0,13000,0.4530186716368845,1.6869562056838323
445.25,59.683,5.384,0.301,0.413,102565,0,13000,0.4977454619939802,1.683433449695828
445.5,61.962,5.316,0.29,0.417,102565,0,13000,0.5308403825211949,1.6707230219628488
445.75,65.286,5.248,0.28,0.441,102565,0,13000,0.5791104640624242,1.6578489571277772
446.0,67.442,5.211,0.271,0.459,102565,0,13000,0.6104192173123911,1.6507736949426992
446.25,68.925,5.145,0.296,0.474,102565,0,13000,0.6319548764356292,1.6380273129187206
446.5,68.02,5.088,0.316,0.475,102565,0,13000,0.618812751346937,1.6268867914446945
446.75,63.253,4.995,0.339,0.46,102565,0,13000,0.5495878780897048,1.6084394141005147
447.0,57.567,4.913,0.339,0.473,102565,0,13000,0.46701757615124817,1.5918867886006822
447.25,71.247,4.742,0.319,0.466,102565,0,13000,0.6656742294256215,1.556461096455836
447.5,75.18,4.611,0.304,0.459,102565,0,13000,0.7227880172420039,1.5284469219491739
447.75,75.379,4.484,0.291,0.454,102565,0,13000,0.7256778325929981,1.5005177353590768
448.0,75.697,4.335,0.286,0.449,102565,0,13000,0.7302957284805164,1.4667239170349193
448.25,77.18,4.184,0.283,0.45,102565,0,13000,0.7518313876037545,1.431270116817127
448.5,79.4,4.069,0.275,0.461,102565,0,13000,0.7840695287052974,1.4033997266228244
448.75,80.884,3.942,0.269,0.47,102565,0,13000,0.8056197095137163,1.3716907455106695
449.0,80.958,3.811,0.269,0.498,102565,0,13000,0.806694314217101,1.337894245871487
449.25,76.132,3.678,0.269,0.496,102565,0,13000,0.7366126615341971,1.3023718450473838
449.5,73.264,3.57,0.274,0.476,102565,0,13000,0.6949644684354468,1.2725683969080728
449.75,77.322,3.511,0.267,0.454,102565,0,13000,0.7538934668994387,1.2559037453736377
450.0,81.195,3.428,0.262,0.441,102565,0,13000,0.8101359536049684,1.2319799178841373
450.25,82.985,3.391,0.26,0.442,102565,0,13000,0.8361297700787351,1.2211278121217544
450.5,78.772,3.411,0.293,0.472,102565,0,13000,0.7749499104117078,1.2270084351237973
450.75,72.35,3.544,0.318,0.492,102565,0,13000,0.6816916481801268,1.2652588544092824
451.0,62.498,4.002,0.342,0.507,102565,0,13000,0.538624005778144,1.3867967349090444
451.25,54.974,4.351,0.359,0.486,102565,0,13000,0.4293628464772386,1.4704080020581265
451.5,53.578,4.831,0.368,0.473,102565,0,13000,0.40909057396473686,1.575055555534938
451.75,51.448,5.353,0.363,0.467,102565,0,13000,0.37815938452947256,1.6776590195208387
452.0,48.031,5.864,0.359,0.46,102565,0,13000,0.3285387862664218,1.7688336699034966
452.25,48.347,6.34,0.361,0.455,102565,0,13000,0.33312763878357843,1.8468803457349567
452.5,51.303,6.713,0.349,0.465,102565,0,13000,0.3760537401782456,1.9040474346024585
452.75,53.338,7.054,0.337,0.464,102565,0,13000,0.40560536952132675,1.9535962494482395
453.0,54.699,7.288,0.334,0.462,102565,0,13000,0.42536938305249794,1.986230532075267
453.25,54.589,7.36,0.33,0.461,102565,0,13000,0.42377199768260165,1.996061291435514
453.5,53.867,7.448,0.325,0.463,102565,0,13000,0.41328734098200975,2.0079468826161846
453.75,54.924,7.465,0.327,0.469,102565,0,13000,0.4286367622181949,2.010226770574985
454.0,56.958,7.412,0.333,0.473,102565,0,13000,0.45817386987609515,2.003101657585722
454.25,58.319,7.401,0.331,0.474,102565,0,13000,0.4779378834072664,2.0016164773831773
454.5,56.924,7.349,0.329,0.459,102565,0,13000,0.4576801325799454,1.9945656102751592
454.75,55.098,7.282,0.33,0.439,102565,0,13000,0.4311635354396672,1.9854069230014062
455.0,56.706,7.203,0.328,0.427,102565,0,13000,0.4545144052105146,1.9744989942166884
455.25,57.575,7.193,0.336,0.436,102565,0,13000,0.4671337496326952,1.9731097211247643
455.5,56.363,7.63,0.272,0.445,102565,0,13000,0.44953346719347437,2.032089155911496
455.75,49.697,8.187,0.265,0.464,102565,0,13000,0.35273191377776003,2.1025487518422032
456.0,42.112,8.818,0.244,0.428,102565,0,13000,0.2425849316808213,2.176796220979104
456.25,38.879,9.179,0.207,0.246,102565,0,13000,0.19563632349105156,2.216919355679655
456.5,44.161,9.394,0.155,0.215,102565,0,13000,0.27233986461643467,2.240072252113498
456.75,49.078,9.559,0.327,0.378,102565,0,13000,0.3437429906507983,2.2574841652156112
457.0,52.214,9.655,0.345,0.424,102565,0,13000,0.38928299537802297,2.2674769516127222
457.25,53.698,9.658,0.358,0.449,102565,0,13000,0.4108331761864419,2.267787622861872
457.5,51.751,11.263,0.33,0.456,102565,0,13000,0.3825594551392777,2.4215239049280792
457.75,45.576,14.41,0.264,0.423,102565,0,13000,0.2928880491473731,2.667923103973716
458.0,42.218,16.899,0.192,0.355,102565,0,13000,0.24412423030999408,2.8272550403315027
458.25,39.168,19.301,0.055,0.199,102565,0,13000,0.19983309050832454,2.9601574261478065
458.5,37.342,14.788,0.025,0.174,102565,0,13000,0.17331649336804633,2.693816717298122
458.75,41.523,11.79,0.141,0.201,102565,0,13000,0.2340316591092858,2.4672525627253403
459.0,49.379,9.615,0.24,0.313,102565,0,13000,0.34811401789024166,2.263325419081804
459.25,54.478,8.174,0.279,0.357,102565,0,13000,0.4221600906275246,2.1009596085325777
459.5,56.758,6.897,0.304,0.39,102565,0,13000,0.45526953283992017,1.931087984353859
459.75,56.343,6.594,0.323,0.404,102565,0,13000,0.44924303348985695,1.8861616611785683
460.0,53.967,6.522,0.335,0.416,102565,0,13000,0.4147395095000973,1.8751826106379543
460.25,52.876,6.513,0.346,0.421,102565,0,13000,0.3988963509677624,1.8738017149538426
460.5,55.648,6.565,0.348,0.427,102565,0,13000,0.4391504622891486,1.8817540309828453
460.75,59.644,6.656,0.349,0.434,102565,0,13000,0.497179116271926,1.895520205921625
461.0,63.211,6.863,0.348,0.444,102565,0,13000,0.548977967312108,1.9261461210141728
461.25,66.963,7.364,0.312,0.457,102565,0,13000,0.6034633301107519,1.996604621327541
461.5,68.874,7.962,0.293,0.452,102565,0,13000,0.6312142704914045,2.0746814805431746
461.75,60.984,8.288,0.309,0.446,102565,0,13000,0.5166381744142989,2.114809892080106
462.0,54.992,8.759,0.323,0.449,102565,0,13000,0.4296242368104944,2.170082884863141
462.25,50.593,9.083,0.333,0.461,102565,0,13000,0.36574334369982425,2.206405635477304
462.5,48.891,8.684,0.331,0.46,102565,0,13000,0.3410274355219745,2.16148340355845
462.75,48.659,8.208,0.333,0.45,102565,0,13000,0.3376584045600115,2.105110506751258
463.0,50.388,7.556,0.329,0.435,102565,0,13000,0.36276639823774476,2.022343273089949
463.25,52.362,7.196,0.329,0.423,102565,0,13000,0.39143220478479257,1.9735267057482437
463.5,54.335,6.841,0.335,0.41,102565,0,13000,0.42008348964665937,1.9229353815523869
463.75,56.373,6.69,0.34,0.4,102565,0,13000,0.4496786840452831,1.9006153689073308
464.0,57.365,6.518,0.34,0.405,102565,0,13000,0.4640841957447114,1.8745691146271415
464.25,58.175,6.399,0.339,0.414,102565,0,13000,0.4758467607412203,1.8561432909002809
464.5,58.372,6.293,0.34,0.421,102565,0,13000,0.47870753272185274,1.8394394936107514
464.75,58.385,6.236,0.341,0.427,102565,0,13000,0.4788963146292041,1.8303405547862903
465.0,58.645,6.146,0.343,0.421,102565,0,13000,0.48267195277623176,1.8158030907814893
465.25,59.579,6.021,0.344,0.436,102565,0,13000,0.4962352067351692,1.7952550193346102
465.5,60.14,5.649,0.342,0.446,102565,0,13000,0.5043818721216402,1.7314803085663768
465.75,60.766,5.319,0.344,0.445,102565,0,13000,0.513472447044868,1.6712871958110547
466.0,60.167,5.038,0.341,0.446,102565,0,13000,0.5047739576215239,1.6170111628430972
466.25,58.098,4.917,0.329,0.448,102565,0,13000,0.4747285909822929,1.5927006221881572
466.5,57.987,4.818,0.321,0.459,102565,0,13000,0.4731166839272158,1.5723609797405462
466.75,59.41,4.712,0.31,0.442,102565,0,13000,0.4937810419396012,1.5501145685881201
467.0,60.832,4.591,0.299,0.43,102565,0,13000,0.5144308782668059,1.5241000434394023
467.25,62.255,4.506,0.302,0.448,102565,0,13000,0.5350952362791913,1.5054120612707946
467.5,64.414,4.349,0.322,0.462,102565,0,13000,0.566447554584701,1.4699482329920253
467.75,66.387,4.237,0.327,0.468,102565,0,13000,0.5950988394465678,1.4438578318021278
468.0,67.197,4.128,0.329,0.489,102565,0,13000,0.6068614044430768,1.4177954506569475
468.25,66.29,4.03,0.335,0.5,102565,0,13000,0.593690235984023,1.393768857345091
468.5,65.63,3.949,0.338,0.504,102565,0,13000,0.5841059237646452,1.373464914587961
468.75,65.889,3.92,0.335,0.504,102565,0,13000,0.5878670402264919,1.3660942048195255
469.0,66.515,3.907,0.334,0.483,102565,0,13000,0.5969576151497199,1.3627723755782324
469.25,67.755,3.946,0.327,0.468,102565,0,13000,0.6149645047740051,1.3727049418090727
469.5,68.931,4.084,0.312,0.446,102565,0,13000,0.6320420065467144,1.4070793488792448
469.75,70.415,4.26,0.296,0.453,102565,0,13000,0.6535921873551334,1.449271507696364
470.0,71.776,4.401,0.283,0.463,102565,0,13000,0.6733562008863044,1.481834060037234
470.25,73.138,4.296,0.276,0.469,102565,0,13000,0.6931347361026566,1.4576866849505954
470.5,73.947,3.8,0.29,0.503,102565,0,13000,0.7048827794139847,1.3350036983078248
470.75,74.635,3.28,0.3,0.527,102565,0,13000,0.7148736988184269,1.1878464711718926
471.0,75.69,2.799,0.309,0.544,102565,0,13000,0.7301940766842502,1.0292657832314718
471.25,76.621,2.467,0.315,0.561,102565,0,13000,0.743713765587645,0.9030068910452872
471.5,76.942,2.254,0.325,0.566,102565,0,13000,0.748375226530706,0.8127108521649747
471.75,76.832,2.114,0.325,0.55,102565,0,13000,0.7467778411608097,0.7485866178058265
472.0,75.374,2.227,0.33,0.529,102565,0,13000,0.7256052241670936,0.8006598786109056
472.25,70.916,2.362,0.34,0.539,102565,0,13000,0.6608675516307517,0.8595129514664626
472.5,69.518,2.468,0.333,0.548,102565,0,13000,0.6405662357478882,0.90341215789879
472.75,71.064,2.755,0.331,0.524,102565,0,13000,0.6630167610375213,1.0134210723623556
473.0,73.466,3.362,0.355,0.499,102565,0,13000,0.6978978488419836,1.2125390094019883
473.25,76.545,4.229,0.356,0.477,102565,0,13000,0.7426101175138986,1.4419679231127627
473.5,76.066,5.847,0.318,0.351,102565,0,13000,0.7356542303122594,1.7659304194708463
473.75,70.871,8.223,0.331,0.314,102565,0,13000,0.6602140757976124,2.1069363220891986
474.0,63.776,10.66,0.355,0.288,102565,0,13000,0.5571827194393026,2.3664993568235624
474.25,58.397,14.767,0.383,0.304,102565,0,13000,0.4790705748513746,2.692395638677024
474.5,53.632,21.045,0.41,0.391,102565,0,13000,0.40987474496450405,3.046663477394671
474.75,51.01,27.439,0.388,0.41,102565,0,13000,0.37179888642024916,3.3119657234896307
475.0,49.245,29.22,0.371,0.425,102565,0,13000,0.34616811207600434,3.3748537485538432
475.25,48.523,29.453,0.369,0.433,102565,0,13000,0.3356834553754125,3.3827961120055328
475.5,51.601,29.244,0.369,0.44,102565,0,13000,0.38038120236214645,3.3756747663814965
475.75,51.184,28.384,0.363,0.443,102565,0,13000,0.37432565964172143,3.3458259584382684
476.0,47.584,26.933,0.364,0.445,102565,0,13000,0.3220475929905707,3.293352671836385
476.25,46.248,25.894,0.362,0.462,102565,0,13000,0.30264662158892125,3.254011667826232
476.5,47.915,24.991,0.358,0.471,102565,0,13000,0.3268542707854403,3.218516160196616
476.75,48.91,24.12,0.352,0.464,102565,0,13000,0.34130334754041114,3.183041786452597
477.0,49.354,23.631,0.348,0.455,102565,0,13000,0.3477509757607198,3.1625598325621582
477.25,49.122,23.331,0.35,0.449,102565,0,13000,0.3443819447987567,3.149783376995114
477.5,48.459,23.343,0.351,0.451,102565,0,13000,0.3347540675238365,3.150297581696762
477.75,47.492,23.529,0.35,0.465,102565,0,13000,0.32071159795393006,3.1582341279059865
478.0,49.036,23.542,0.347,0.464,102565,0,13000,0.34313307987320146,3.1587864847629454
478.25,50.092,23.639,0.345,0.449,102565,0,13000,0.3584679794242057,3.1628983134883932
478.5,51.146,23.692,0.343,0.441,102565,0,13000,0.3737738356048482,3.1651378604980334
478.75,51.039,24.385,0.341,0.438,102565,0,13000,0.3722200152904946,3.193968599250101
479.0,50.806,25.335,0.341,0.467,102565,0,13000,0.3688364626433506,3.2321872336386694
479.25,50.819,26.177,0.345,0.489,102565,0,13000,0.36902524455070207,3.264881544639281
479.5,51.812,26.535,0.349,0.494,102565,0,13000,0.3834452779353111,3.2784649931405374
479.75,53.173,26.099,0.355,0.467,102565,0,13000,0.4032092914664824,3.261897382574765
480.0,53.738,25.141,0.349,0.452,102565,0,13000,0.41141404359367684,3.2245003773749956
480.25,53.751,24.54,0.338,0.434,102565,0,13000,0.4116028255010282,3.2003048467806448
480.5,52.661,24.181,0.343,0.418,102565,0,13000,0.39577418865387426,3.1855676143722014
480.75,51.756,24.102,0.35,0.438,102565,0,13000,0.38263206356518215,3.1822952395084414
481.0,53.24,24.433,0.356,0.45,102565,0,13000,0.404182244373601,3.1959350868490772
481.25,55.091,25.433,0.352,0.458,102565,0,13000,0.4310618836434011,3.2360479365663926
481.5,56.82,26.727,0.352,0.469,102565,0,13000,0.4561698773211344,3.285674664560024
481.75,57.323,27.876,0.356,0.478,102565,0,13000,0.4634742849671146,3.3277664623077334
482.0,54.949,29.019,0.34,0.405,102565,0,13000,0.42899980434771673,3.3679511324702727
482.25,50.732,30.037,0.269,0.368,102565,0,13000,0.36776185793996585,3.4024302879873742
482.5,45.965,29.598,0.221,0.363,102565,0,13000,0.29853698468273365,3.3877071293402654
482.75,45.305,27.976,0.285,0.428,102565,0,13000,0.28895267246335593,3.331347357210253
483.0,46.606,26.494,0.35,0.464,102565,0,13000,0.30784538488367463,3.2769186697059483
483.25,47.293,25.812,0.363,0.376,102565,0,13000,0.3178217826029359,3.2508398874902236
483.5,43.937,25.339,0.174,0.262,102565,0,13000,0.26908700713591854,3.232345105463652
483.75,42.539,21.26,0.112,0.223,102565,0,13000,0.24878569125305502,3.0568278432805776
484.0,45.984,18.248,0.085,0.228,102565,0,13000,0.2988128967011702,2.9040560329871976
484.25,48.999,15.87,0.217,0.325,102565,0,13000,0.3425957775215091,2.7644311646578417
484.5,52.202,13.647,0.273,0.375,102565,0,13000,0.3891087351558525,2.6135204500174876
484.75,54.174,12.21,0.323,0.433,102565,0,13000,0.4177454983325385,2.502256107123097
485.0,56.027,12.123,0.317,0.461,102565,0,13000,0.4446541809727003,2.4951052996424363
485.25,56.651,14.138,0.307,0.439,102565,0,13000,0.4537157125255665,2.648866915062135
485.5,56.543,16.392,0.326,0.447,102565,0,13000,0.45214737052603193,2.796794020990097
485.75,56.619,18.9,0.335,0.458,102565,0,13000,0.45325101859977845,2.9391624511659855
486.0,56.324,21.141,0.337,0.449,102565,0,13000,0.4489671214714202,3.0512147560274046
486.25,54.804,22.899,0.341,0.446,102565,0,13000,0.4268941599964899,3.1310936781846403
486.5,53.101,23.613,0.35,0.46,102565,0,13000,0.4021637301334593,3.1617978313238653
486.75,54.463,15.144,0.356,0.457,102565,0,13000,0.42194226534981144,2.717605074234326
487.0,60.605,8.396,0.323,0.448,102565,0,13000,0.5111344557307471,2.127756593001031
487.25,66.745,6.457,0.285,0.441,102565,0,13000,0.6002976027413213,1.8651663623499604
487.5,72.704,4.985,0.269,0.438,102565,0,13000,0.6868323247341567,1.6064354094298436
487.75,75.779,4.36,0.258,0.46,102565,0,13000,0.7314865066653481,1.4724743509362943
488.0,78.551,4.272,0.251,0.474,102565,0,13000,0.7717406179867343,1.452084442479124
488.25,80.156,4.761,0.247,0.472,102565,0,13000,0.7950479227020392,1.5604598306092516
488.5,73.368,5.669,0.249,0.48,102565,0,13000,0.6964747236942579,1.7350144993201486
488.75,64.68,6.34,0.266,0.497,102565,0,13000,0.5703103228428139,1.8468803457349567
489.0,59.485,7.563,0.286,0.498,102565,0,13000,0.4948701683281669,2.023269259099648
489.25,55.576,9.787,0.316,0.491,102565,0,13000,0.4381049009561256,2.2810559962067245
489.5,53.996,12.713,0.331,0.485,102565,0,13000,0.4151606383703427,2.542625878564073
489.75,54.869,15.338,0.338,0.472,102565,0,13000,0.42783806953324677,2.7303340613179405
490.0,54.451,16.931,0.332,0.46,102565,0,13000,0.4217680051276409,2.829146851778488
490.25,51.768,18.029,0.324,0.456,102565,0,13000,0.38280632378735263,2.891982127221843
490.5,55.461,19.019,0.329,0.465,102565,0,13000,0.4364349071603249,2.9454390052893853
490.75,59.823,19.648,0.316,0.459,102565,0,13000,0.49977849791930273,2.977976060922257
491.0,67.68,10.061,0.294,0.442,102565,0,13000,0.6138753783854396,2.308667557246404
491.25,74.003,8.506,0.271,0.428,102565,0,13000,0.7056959937841137,2.140772972471475
491.5,76.651,7.844,0.254,0.422,102565,0,13000,0.7441494161430713,2.0597501831930525
491.75,73.234,7.345,0.252,0.439,102565,0,13000,0.6945288178800205,1.9940211710953017
492.0,69.141,6.634,0.282,0.452,102565,0,13000,0.6350915604346984,1.892209447909917
492.25,63.58,6.165,0.271,0.427,102565,0,13000,0.554336469143851,1.8188897586750084
492.5,61.447,6.04,0.257,0.409,102565,0,13000,0.5233617146530442,1.798405667574492
492.75,61.399,6.158,0.286,0.43,102565,0,13000,0.5226646737643621,1.817753673404855
493.0,62.27,6.0,0.309,0.447,102565,0,13000,0.5353130615569045,1.7917611358933327
493.25,62.958,4.36,0.324,0.456,102565,0,13000,0.5453039809613466,1.4724743509362943
493.5,65.054,3.272,0.32,0.468,102565,0,13000,0.5757414331004611,1.1854044749705492
493.75,67.581,2.673,0.314,0.487,102565,0,13000,0.6124377315525329,0.9832051782646363
494.0,68.45,2.424,0.309,0.505,102565,0,13000,0.6250570759747135,0.8854231936110998
494.25,65.158,2.304,0.317,0.521,102565,0,13000,0.5772516883592722,0.8346510831020035
494.5,64.003,2.215,0.321,0.53,102565,0,13000,0.5604791419753613,0.7952569181595941
494.75,63.16,2.187,0.314,0.536,102565,0,13000,0.5482373613678834,0.7825353141578852
495.0,62.498,2.167,0.31,0.523,102565,0,13000,0.538624005778144,0.7733483372182398
495.25,64.595,2.144,0.315,0.506,102565,0,13000,0.5690759796024394,0.7626779073767829
495.5,66.08,2.128,0.317,0.49,102565,0,13000,0.5906406820960391,0.755187270716477
495.75,67.195,2.094,0.316,0.497,102565,0,13000,0.6068323610727149,0.7390808879861304
496.0,67.885,2.047,0.313,0.516,102565,0,13000,0.616852323847519,0.7163801918650705
496.25,68.51,2.021,0.313,0.531,102565,0,13000,0.625928377085566,0.7035973864547644
496.5,68.708,2.077,0.315,0.529,102565,0,13000,0.6288036707513792,0.7309293595188798
496.75,68.414,2.211,0.317,0.533,102565,0,13000,0.6245342953082019,0.7934494247054249
497.0,67.935,2.418,0.317,0.537,102565,0,13000,0.6175784081065627,0.8829448878333462
497.25,67.828,2.669,0.319,0.52,102565,0,13000,0.6160245877922091,0.9817076171369867
497.5,68.022,3.025,0.319,0.495,102565,0,13000,0.6188417947172989,1.1069143972624647
497.75,68.158,3.429,0.313,0.466,102565,0,13000,0.6208167439018979,1.2322715897786598
498.0,67.437,3.851,0.309,0.446,102565,0,13000,0.6103466088864868,1.348335451557523
498.25,66.224,4.061,0.308,0.473,102565,0,13000,0.5927318047620852,1.4014317111488017
498.5,65.073,4.26,0.311,0.489,102565,0,13000,0.5760173451188977,1.449271507696364
498.75,64.781,4.426,0.314,0.462,102565,0,13000,0.5717770130460823,1.4874985010027175
499.0,65.346,4.556,0.317,0.442,102565,0,13000,0.5799817651732767,1.5164472404903406
499.25,66.217,4.627,0.319,0.465,102565,0,13000,0.592630152965819,1.5319108711501042
499.5,66.597,4.646,0.322,0.495,102565,0,13000,0.5981483933345515,1.536008786735053
499.75,67.346,4.579,0.326,0.521,102565,0,13000,0.6090251355350272,1.5214828175555175
500.0,69.197,4.461,0.318,0.498,102565,0,13000,0.6359047748048273,1.4953751977934695
500.25,70.497,4.138,0.311,0.479,102565,0,13000,0.6547829655399651,1.4202149959468207
500.5,70.021,3.709,0.306,0.467,102565,0,13000,0.6478706433938685,1.3107649946483326
500.75,71.077,3.202,0.309,0.459,102565,0,13000,0.6632055429448727,1.163778737617741
501.0,72.988,2.892,0.306,0.479,102565,0,13000,0.6909564833255253,1.0619517621052013
501.25,75.635,2.658,0.294,0.531,102565,0,13000,0.7293953839993021,0.977577722511215
501.5,75.894,2.579,0.285,0.531,102565,0,13000,0.7331565004611489,0.9474056043635788
501.75,77.562,2.504,0.286,0.524,102565,0,13000,0.7573786713428486,0.9178934468401013
502.0,78.556,2.444,0.284,0.546,102565,0,13000,0.7718132264126386,0.8936401329540059
502.25,80.162,2.417,0.279,0.573,102565,0,13000,0.7951350528131245,0.8825312390731511
502.5,81.463,2.386,0.276,0.568,102565,0,13000,0.8140277652334429,0.8696225147817783
502.75,80.312,2.387,0.279,0.526,102565,0,13000,0.7973133055902556,0.8700415367069458
503.0,78.977,2.402,0.288,0.503,102565,0,13000,0.7779268558737872,0.8763058868464614
503.25,79.48,2.435,0.289,0.515,102565,0,13000,0.7852312635197675,0.8899508633023011
503.5,80.536,2.539,0.286,0.521,102565,0,13000,0.8005661630707717,0.9317742412732729
503.75,81.039,2.643,0.286,0.512,102565,0,13000,0.807870570716752,0.9719184191942604
504.0,81.725,2.852,0.29,0.5,102565,0,13000,0.8178324467508322,1.0480240088572628
504.25,81.371,3.289,0.274,0.501,102565,0,13000,0.8126917701968024,1.1905866076401208
504.5,78.749,4.32,0.204,0.511,102565,0,13000,0.7746159116525475,1.4632577170681547
504.75,74.963,5.0,0.168,0.443,102565,0,13000,0.7196368115577538,1.6094399124321004
505.0,72.28,5.426,0.138,0.367,102565,0,13000,0.6806751302174656,1.6912040572132945
505.25,73.396,5.48,0.158,0.399,102565,0,13000,0.6968813308793225,1.7011069257757774
505.5,72.184,4.941,0.202,0.418,102565,0,13000,0.6792810484401016,1.5975697637433701
505.75,72.32,4.363,0.219,0.438,102565,0,13000,0.6812559976247006,1.4731621861397628
506.0,74.416,3.787,0.229,0.447,102565,0,13000,0.7116934497638151,1.3315767895287935
506.25,77.677,3.319,0.233,0.453,102565,0,13000,0.7590486651386494,1.199666545689008
506.5,81.49,3.072,0.244,0.446,102565,0,13000,0.8144198507333266,1.122332070488461
506.75,84.138,2.807,0.254,0.469,102565,0,13000,0.8528732730922843,1.0321198598956653
507.0,85.623,2.673,0.256,0.483,102565,0,13000,0.8744379755858841,0.9832051782646363
507.25,87.598,2.595,0.247,0.5,102565,0,13000,0.9031183038181126,0.9535903701749743
507.5,89.509,2.543,0.238,0.489,102565,0,13000,0.9308692441987652,0.9333484187956014
507.75,90.625,2.543,0.236,0.495,102565,0,13000,0.9470754448606221,0.9333484187956014
508.0,89.841,2.521,0.244,0.507,102565,0,13000,0.9356904436788156,0.9246596148778045
508.25,90.345,2.512,0.252,0.507,102565,0,13000,0.943009373009977,0.9210832294897483
508.5,91.953,2.513,0.252,0.506,102565,0,13000,0.9663602427808244,0.9214812378611381
508.75,90.433,2.509,0.245,0.506,102565,0,13000,0.944287281305894,0.9198882530279966
509.0,88.669,2.51,0.237,0.52,102565,0,13000,0.91867102864683,0.9202867371995012
509.25,91.992,2.531,0.234,0.541,102565,0,13000,0.9669265885028784,0.9286184325626888
509.5,94.64,2.6,0.238,0.562,102565,0,13000,1.005380010861836,0.9555152911738861
509.75,96.431,2.811,0.239,0.508,102565,0,13000,1.0313883490207836,1.0335438493709308
510.0,95.768,3.138,0.238,0.452,102565,0,13000,1.0217604717458635,1.1435888410489117
510.25,87.449,3.47,0.235,0.423,102565,0,13000,0.9009545727261622,1.2441574757989957
510.5,85.932,3.875,0.234,0.458,102565,0,13000,0.8789251763067745,1.3545482434471419
510.75,86.188,4.376,0.243,0.478,102565,0,13000,0.8826427277130786,1.4761373503090252
511.0,80.257,4.875,0.236,0.496,102565,0,13000,0.7965146129053076,1.5841221557297578
511.25,65.257,5.783,0.236,0.424,102565,0,13000,0.5786893351921789,1.7549243083808805
511.5,60.736,6.58,0.232,0.401,102565,0,13000,0.5130367964894418,1.88403626509291
511.75,59.156,7.047,0.23,0.39,102565,0,13000,0.4900925339036589,1.952603413387443
512.0,60.703,7.49,0.234,0.392,102565,0,13000,0.512557580878473,2.0135701326417217
512.25,62.125,7.738,0.223,0.411,102565,0,13000,0.5332074172056775,2.046144548601084
512.5,62.444,7.919,0.212,0.421,102565,0,13000,0.5378398347783768,2.0692661980131835
512.75,59.516,7.968,0.198,0.413,102565,0,13000,0.495320340568774,2.07543477530159
513.0,60.756,7.777,0.226,0.417,102565,0,13000,0.5133272301930594,2.0511719455548496
513.25,61.935,7.407,0.256,0.419,102565,0,13000,0.5304482970213112,2.002426849104495
513.5,62.497,7.313,0.278,0.426,102565,0,13000,0.5386094840929632,1.9896549537157473
513.75,59.509,7.642,0.264,0.423,102565,0,13000,0.4952186887725079,2.0336606575818212
514.0,52.719,8.091,0.278,0.43,102565,1,13000,0.396616446394365,2.090753568766108
514.25,44.705,9.258,0.313,0.447,102565,0,13000,0.28023966135483075,2.2254891227553952
514.5,40.126,12.071,0.333,0.438,102565,0,13000,0.213744864911603,2.4908067101504257
514.75,40.136,17.732,0.344,0.42,102565,0,13000,0.21389008176341182,2.8753714808348247
515.0,41.742,19.573,0.356,0.424,102565,0,13000,0.2372119081638974,2.9741515764281394
515.25,43.657,20.764,0.361,0.423,102565,0,13000,0.2650209352852735,3.033221199567641
515.5,44.895,21.21,0.354,0.415,102565,0,13000,0.2829987815391971,3.054473240052199
515.75,45.95,20.431,0.347,0.406,102565,0,13000,0.2983191594050205,3.017053844709858
516.0,48.597,17.045,0.345,0.416,102565,0,13000,0.33675806007879727,2.835857492272006
516.25,51.674,12.67,0.345,0.418,102565,0,13000,0.3814412853803503,2.5392377835987188
516.5,55.733,10.511,0.346,0.415,102565,0,13000,0.4403848055295229,2.352423279225029
516.75,58.442,8.902,0.352,0.405,102565,0,13000,0.479724050684514,2.1862770939361003
517.0,60.906,7.669,0.335,0.404,102565,0,13000,0.5155054829701906,2.0371875327328435
517.25,64.228,6.326,0.325,0.399,102565,0,13000,0.563746521141058,1.8446697056599501
517.5,68.41,5.575,0.314,0.39,102565,0,13000,0.6244762085674784,1.7182941110665468
517.75,71.362,4.914,0.305,0.396,102565,0,13000,0.6673442232214221,1.5920903090989516
518.0,71.682,4.592,0.313,0.411,102565,0,13000,0.6719911624793022,1.5243178367152423
518.25,64.465,4.449,0.322,0.418,102565,0,13000,0.5671881605289256,1.49268159951749
518.5,61.107,4.409,0.328,0.431,102565,0,13000,0.5184243416915465,1.48365017446123
518.75,59.834,4.486,0.335,0.452,102565,0,13000,0.4999382364562924,1.5009636652529104
519.0,64.076,4.6,0.33,0.437,102565,0,13000,0.561539224993565,1.5260584774057298
519.25,68.257,4.717,0.309,0.424,102565,0,13000,0.6222543907348046,1.5511751242913974
519.5,71.763,4.966,0.294,0.409,102565,0,13000,0.6731674189789533,1.6026167007770604
519.75,74.164,5.409,0.294,0.423,102565,0,13000,0.7080339850982347,1.6880660816581483
520.0,76.139,5.631,0.292,0.434,102565,0,13000,0.7367143133304631,1.7282888221544066
520.25,78.174,5.634,0.291,0.436,102565,0,13000,0.7662659426735444,1.7288214443904828
520.5,79.841,5.53,0.295,0.426,102565,0,13000,0.7904735918700633,1.7101896238508725
520.75,78.935,5.297,0.272,0.419,102565,0,13000,0.7773169450961904,1.6671425104216608
521.0,82.075,4.988,0.211,0.428,102565,0,13000,0.8229150365641387,1.6070370326273282
521.25,84.171,4.778,0.186,0.432,102565,0,13000,0.8533524887032533,1.564024141827338
521.5,86.022,4.646,0.194,0.423,102565,0,13000,0.8802321279730534,1.536008786735053
521.75,86.893,4.587,0.19,0.42,102565,0,13000,0.8928805157655956,1.523228395686781
522.0,86.109,4.554,0.192,0.42,102565,0,13000,0.8814955145837894,1.516008163510898
522.25,83.98,4.497,0.198,0.428,102565,0,13000,0.8505788468337061,1.50341273149079
522.5,82.642,4.498,0.199,0.429,102565,0,13000,0.8311488320616949,1.5036350767449682
522.75,81.064,4.509,0.192,0.427,102565,0,13000,0.8082336128462737,1.5060776172231367
523.0,77.828,4.511,0.189,0.448,102565,0,13000,0.7612414396009616,1.5065210752271712
523.25,80.476,4.564,0.187,0.453,102565,0,13000,0.7996948619599191,1.518201623057902
523.5,84.658,4.636,0.201,0.441,102565,0,13000,0.8604245493863395,1.533854082507103
523.75,86.875,4.798,0.211,0.44,102565,0,13000,0.8926191254323399,1.5682012486170815
524.0,87.625,4.966,0.209,0.455,102565,0,13000,0.9035103893179963,1.6026167007770604
524.25,87.578,5.131,0.203,0.466,102565,0,13000,0.9028278701144952,1.6353025208957574
524.5,87.958,5.202,0.199,0.453,102565,0,13000,0.9083461104832277,1.6490450893621744
524.75,88.216,5.204,0.197,0.448,102565,0,13000,0.9120927052598935,1.6494294822471827
525.0,87.187,5.167,0.193,0.447,102565,0,13000,0.8971498912087729,1.6422941846621837
525.25,84.811,5.189,0.191,0.427,102565,0,13000,0.8626463672190134,1.6465429275373398
525.5,79.186,5.32,0.196,0.412,102565,0,13000,0.7809618880765902,1.6714751830510346
525.75,72.766,5.486,0.204,0.392,102565,0,13000,0.6877326692153711,1.702201215335478
526.0,67.694,5.615,0.217,0.373,102565,0,13000,0.6140786819779718,1.725443369132721
526.25,64.704,5.713,0.232,0.357,102565,0,13000,0.5706588432871547,1.742746030134632
526.5,60.672,5.858,0.241,0.345,102565,0,13000,0.5121074086378657,1.7678099554713431
526.75,65.589,5.984,0.25,0.347,102565,0,13000,0.5835105346722294,1.7890909117937743
527.0,72.709,6.124,0.236,0.372,102565,0,13000,0.6869049331600612,1.8122171107137643
527.25,80.014,6.339,0.226,0.392,102565,0,13000,0.7929858434063547,1.846722604836674
527.5,85.236,6.725,0.23,0.415,102565,0,13000,0.8688180834208854,1.9058334124756446
527.75,71.523,7.202,0.234,0.397,102565,0,13000,0.669682214535543,1.974360153728913
528.0,58.791,7.816,0.24,0.372,102565,0,13000,0.48479211881263945,2.0561741941664797
528.25,55.373,8.322,0.25,0.359,102565,0,13000,0.43515699886440784,2.11890381219425
528.5,54.835,8.998,0.261,0.359,102565,0,13000,0.427344332237097,2.1970034417764426
528.75,54.42,9.545,0.27,0.349,102565,0,13000,0.4213178328870338,2.256018504846099
529.0,53.391,10.184,0.266,0.342,102565,0,13000,0.40637501883591315,2.3208188431870664
529.25,49.972,10.621,0.265,0.359,102565,0,13000,0.3567253772025007,2.3628341148698886
529.5,45.145,10.89,0.263,0.372,102565,0,13000,0.28662920283441595,2.3878458552180932
529.75,39.276,11.466,0.28,0.375,102565,0,13000,0.20140143250785913,2.43938700662954
530.0,34.509,12.467,0.301,0.364,102565,0,13000,0.1321765592506268,2.5230859554801066
530.25,37.341,14.051,0.319,0.346,102565,0,13000,0.17330197168286549,2.642694279317068
530.5,51.019,15.277,0.241,0.329,102565,0,13000,0.37192958158687706,2.72634908396215
530.75,67.086,15.724,0.201,0.329,102565,0,13000,0.6052494973879996,2.755188843529903
531.0,71.818,12.678,0.183,0.354,102565,0,13000,0.6739661116639013,2.539868996629608
531.25,69.319,10.537,0.227,0.378,102565,0,13000,0.6376764203968941,2.354893821653668
531.5,63.388,9.339,0.247,0.367,102565,0,13000,0.5515483055891229,2.2342002509054635
531.75,59.112,8.778,0.244,0.351,102565,0,13000,0.4894535797557005,2.1722497304770587
532.0,59.679,8.313,0.242,0.339,102565,0,13000,0.49768737525325674,2.1178217574833895
532.25,60.06,8.038,0.238,0.346,102565,0,13000,0.5032201373071702,2.084181540116805
532.5,60.01,7.832,0.23,0.334,102565,0,13000,0.5024940530481263,2.0582191820404687
532.75,59.9,7.864,0.221,0.326,102565,0,13000,0.50089666767823,2.062296654461554
533.0,58.566,7.973,0.229,0.319,102565,0,13000,0.4815247396469426,2.076062087752608
533.25,56.435,7.991,0.224,0.338,102565,0,13000,0.45057902852649745,2.0783171597993766
533.5,56.386,8.01,0.213,0.349,102565,0,13000,0.44986746595263455,2.080692009518939
533.75,60.69,8.044,0.217,0.345,102565,0,13000,0.5123687989711215,2.0849277150722387
534.0,67.505,8.017,0.209,0.336,102565,0,13000,0.6113340834787863,2.0815655344094193
534.25,72.787,7.975,0.193,0.374,102565,0,13000,0.6880376246041695,2.0763129025886173
534.5,77.457,7.933,0.181,0.399,102565,0,13000,0.7558538943988568,2.0710325348762377
534.75,81.086,7.832,0.176,0.422,102565,0,13000,0.808553089920253,2.0582191820404687
535.0,83.427,7.601,0.179,0.424,102565,0,13000,0.8425483549286821,2.028281133199404
535.25,83.931,7.562,0.186,0.413,102565,0,13000,0.849867284259843,2.023137027869348
535.5,83.944,7.551,0.192,0.44,102565,0,13000,0.8500560661671945,2.0216813291483153
535.75,86.653,7.568,0.198,0.458,102565,0,13000,0.8893953113221856,2.0239301531017695
536.0,81.886,7.615,0.198,0.45,102565,0,13000,0.8201704380649532,2.0301212995438993
536.25,79.143,7.676,0.189,0.418,102565,0,13000,0.7803374556138125,2.03809988090646
536.5,81.669,7.693,0.181,0.422,102565,0,13000,0.8170192323807033,2.0403121243589633
536.75,83.09,7.755,0.176,0.434,102565,0,13000,0.8376545470227271,2.0483390861183217
537.0,83.717,7.847,0.178,0.424,102565,0,13000,0.8467596436311358,2.0601325675168956
537.25,84.711,8.077,0.178,0.428,102565,0,13000,0.8611941987009258,2.0890217545428396
537.5,83.315,8.36,0.174,0.429,102565,0,13000,0.840921926188424,2.1234596232681437
537.75,77.752,8.77,0.191,0.417,102565,0,13000,0.760137791527215,2.1713379466342966
538.0,69.372,9.285,0.28,0.406,102565,0,13000,0.6384460697114804,2.2284012718100126
538.25,62.275,10.134,0.319,0.396,102565,0,13000,0.5353856699828088,2.315897093830417
538.5,50.279,10.997,0.336,0.404,102565,0,13000,0.36118353455302943,2.3976234176672944
538.75,40.856,12.162,0.347,0.397,102565,0,13000,0.224345695093642,2.498317158930765
539.0,35.598,13.4,0.349,0.389,102565,0,13000,0.14799067441259992,2.595255453225244
539.25,33.529,14.432,0.328,0.383,102565,0,13000,0.11794530777336909,2.669448656224684
539.5,36.361,14.77,0.314,0.395,102565,0,13000,0.1590707202056077,2.6925987735911296
539.75,36.19,14.2,0.329,0.394,102565,0,13000,0.15658751203967802,2.653242668832319
540.0,36.02,13.603,0.346,0.376,102565,0,13000,0.15411882555892933,2.6102910917829787
540.25,39.403,13.103,0.324,0.354,102565,0,13000,0.20324568652583022,2.5728419748061606
540.5,41.499,12.338,0.289,0.363,102565,0,13000,0.23368313866494478,2.512684741291252
540.75,40.287,11.145,0.283,0.381,102565,0,13000,0.21608285622572393,2.4109918641007764
541.0,33.743,10.317,0.289,0.374,102565,0,13000,0.12105294840207638,2.3337939893917827
541.25,38.292,9.533,0.275,0.361,102565,0,13000,0.18711209428987785,2.254760512498618
541.5,43.942,8.775,0.265,0.344,102565,0,13000,0.269159615561823,2.1719079089524196
541.75,50.94,7.972,0.257,0.371,102565,0,13000,0.3707823684575879,2.0759366567401276
542.0,56.223,7.394,0.264,0.381,102565,0,13000,0.4475004312681518,2.0006702129614564
542.25,57.34,6.716,0.275,0.373,102565,0,13000,0.46372115361518956,1.9044942281957224
542.5,53.002,6.136,0.288,0.373,102565,0,13000,0.4007260833005527,1.814174693789833
542.75,49.4,5.68,0.303,0.36,102565,0,13000,0.34841897327904003,1.7369529932948904
543.0,46.043,5.17,0.314,0.345,102565,0,13000,0.29966967612684187,1.6428746227544437
543.25,45.445,4.914,0.31,0.356,102565,0,13000,0.2909857083886785,1.5920903090989516
543.5,48.891,4.654,0.297,0.396,102565,0,13000,0.3410274355219745,1.537729213567091
543.75,50.923,4.424,0.314,0.393,102565,0,13000,0.37053549980951306,1.487046524615309
544.0,37.027,4.254,0.339,0.373,102565,0,13000,0.16874216253607066,1.4478620675040081
544.25,29.626,4.144,0.346,0.352,102565,0,13000,0.06126717051241298,1.4216639180816835
544.5,28.17,3.977,0.351,0.354,102565,0,13000,0.04012359688905863,1.3805302806805266
544.75,27.814,3.795,0.364,0.356,102565,0,13000,0.03495387696466702,1.3336870458902348
545.0,29.298,3.663,0.373,0.38,102565,0,13000,0.056504057773085856,1.2982852137956808
545.25,29.924,3.595,0.366,0.402,102565,0,13000,0.06559463269631378,1.2795467728103096
545.5,27.302,3.577,0.359,0.421,102565,0,13000,0.02751877415205889,1.2745272559117764
545.75,24.987,3.585,0.355,0.38,102565,0,13000,-0.006098927041667321,1.2767612634479724
546.0,24.387,3.627,0.351,0.362,102565,0,13000,-0.014811938150192437,1.2884086173964957
546.25,24.71,3.629,0.348,0.388,102565,0,13000,-0.010121433836769727,1.2889598838071863
546.5,24.843,3.617,0.354,0.404,102565,0,13000,-0.008190049707713332,1.2856477176882846
546.75,24.856,3.605,0.364,0.395,102565,0,13000,-0.00800126780036193,1.282324544658169
547.0,24.87,3.586,0.371,0.381,102565,0,13000,-0.007797964207829686,1.2770401638014734
547.25,24.944,3.587,0.378,0.389,102565,0,13000,-0.006723359504444946,1.2773189863912553
547.5,24.162,3.589,0.384,0.402,102565,0,13000,-0.01807931731588939,1.2778763984530346
547.75,22.827,3.591,0.371,0.394,102565,0,13000,-0.0374657670323578,1.2784334999796954
548.0,22.288,3.592,0.352,0.38,102565,0,13000,-0.045292955344849575,1.2787119344004432
548.25,23.895,3.587,0.341,0.369,102565,0,13000,-0.02195660725918307,1.2773189863912553
548.5,25.685,3.595,0.34,0.361,102565,0,13000,0.004037209214583605,1.2795467728103096
548.75,26.616,3.652,0.339,0.359,102565,0,13000,0.017556898117978472,1.295277700954603
549.0,26.446,3.737,0.336,0.358,102565,0,13000,0.015088211637229707,1.3182858264430366
549.25,26.705,3.868,0.329,0.36,102565,0,13000,0.01884932809907635,1.3527401629031144
549.5,27.514,4.019,0.323,0.364,102565,0,13000,0.030597371410404438,1.3910356036451081
549.75,28.385,4.097,0.32,0.359,102565,0,13000,0.04324575920294681,1.4102574393721043
550.0,28.399,4.115,0.328,0.351,102565,0,13000,0.043449062795479054,1.4146412642597377
550.25,26.635,4.101,0.329,0.345,102565,0,13000,0.01783281013641513,1.4112332848366005
550.5,25.484,4.079,0.325,0.346,102565,0,13000,0.0011183504932277253,1.4058543119136861
550.75,26.17,4.027,0.323,0.354,102565,0,13000,0.011080226527308142,1.3930241651043764
551.0,27.717,3.969,0.329,0.357,102565,0,13000,0.0335452735021221,1.3785166933240833
551.25,29.813,3.94,0.327,0.351,102565,0,13000,0.06398272564123662,1.3711832613776875
551.5,32.584,3.927,0.315,0.359,102565,0,13000,0.10422231527744198,1.367878322065765
551.75,34.863,3.966,0.307,0.364,102565,0,13000,0.1373172358046566,1.377760551526599
552.0,34.45,3.998,0.301,0.358,102565,0,13000,0.13131977982495519,1.3857967373257056
552.25,31.888,4.069,0.321,0.373,102565,0,13000,0.09411522239155279,1.4033997266228244
552.5,29.45,4.04,0.341,0.39,102565,0,13000,0.05871135392057891,1.3962471672175198
552.75,27.747,3.966,0.351,0.402,102565,0,13000,0.03398092405754838,1.377760551526599
553.0,26.903,3.871,0.351,0.407,102565,0,13000,0.021724621764889655,1.35351545490398
553.25,29.981,3.8,0.349,0.404,102565,0,13000,0.0664223687516237,1.3350036983078248
553.5,33.057,3.745,0.356,0.417,102565,0,13000,0.11109107236799595,1.320424287192587
553.75,35.46,3.746,0.364,0.433,102565,0,13000,0.14598668185763916,1.320691273532482
554.0,31.674,3.748,0.358,0.425,102565,0,13000,0.09100758176284546,1.3212250324622643
554.25,28.747,3.749,0.35,0.364,102565,0,13000,0.04850260923842362,1.321491805128185
554.5,28.759,3.751,0.345,0.364,102565,0,13000,0.04867686946059413,1.3220251370519418
554.75,30.059,3.788,0.346,0.368,102565,0,13000,0.06755506019573196,1.3318408152358698
555.0,29.644,3.826,0.348,0.378,102565,0,13000,0.06152856084566869,1.3418224847104112
555.25,28.556,3.828,0.345,0.373,102565,0,13000,0.045728967368876466,1.3423450859174941
555.5,28.445,3.837,0.343,0.371,102565,0,13000,0.044117060313799306,1.3446934174641818
555.75,28.641,3.867,0.34,0.384,102565,0,13000,0.046963310609250825,1.3524815986057832
556.0,28.103,3.928,0.332,0.385,102565,0,13000,0.039150643981939987,1.3681329363138262
556.25,27.074,3.99,0.327,0.367,102565,0,13000,0.024207829930819363,1.3837937371642957
556.5,27.21,4.045,0.338,0.354,102565,0,13000,0.026182779115418383,1.3974840226952854
556.75,28.39,4.115,0.348,0.35,102565,0,13000,0.04331836762885117,1.4146412642597377
557.0,29.689,4.228,0.354,0.353,102565,0,13000,0.0621820366788081,1.4417314331896784
557.25,32.091,4.352,0.303,0.355,102565,0,13000,0.09706312448327045,1.4706378073451192
557.5,36.087,4.538,0.289,0.371,102565,0,13000,0.15509177846604796,1.512488589969149
557.75,32.425,4.689,0.303,0.36,102565,0,13000,0.10191336733368273,1.54522147275606
558.0,29.802,4.816,0.319,0.328,102565,0,13000,0.063822987104247,1.5719457844163243
558.25,30.673,4.883,0.304,0.338,102565,0,13000,0.07647137489678932,1.585761832998786
558.5,33.444,4.857,0.286,0.358,102565,0,13000,0.11671096453299469,1.580423022245573
558.75,36.276,4.787,0.291,0.38,102565,0,13000,0.1578363769652334,1.5659059993992073
559.0,37.76,4.69,0.311,0.389,102565,0,13000,0.17938655777365217,1.5454347146520768
559.25,37.469,4.604,0.323,0.383,102565,0,13000,0.17516074738601753,1.526927662881604
559.5,36.255,4.503,0.327,0.378,102565,0,13000,0.157531421576435,1.5047460620586963
559.75,32.531,4.403,0.334,0.377,102565,0,13000,0.10345266596285553,1.4822883979497792
560.0,29.112,4.298,0.341,0.383,102565,0,13000,0.05380302432944306,1.4581521248811764
560.25,26.428,4.22,0.35,0.385,102565,0,13000,0.014826821303973942,1.439837497713359
560.5,23.439,4.174,0.359,0.37,102565,0,13000,-0.028578495701662175,1.4288772044355602
560.75,31.48,4.176,0.33,0.336,102565,0,13000,0.08819037483775567,1.4293562452134858
561.0,37.989,4.249,0.3,0.337,102565,0,13000,0.18271202368007258,1.4466860146248448
561.25,43.026,4.39,0.288,0.353,102565,0,13000,0.2558577519361413,1.4793315049888134
561.5,40.711,4.527,0.312,0.363,102565,0,13000,0.22224005074241504,1.5100616774197935
561.75,37.109,4.641,0.34,0.368,102565,0,13000,0.16993294072090245,1.5349320149647543
562.0,33.323,4.661,0.355,0.393,102565,0,13000,0.11495384062610875,1.5392321628506493
562.25,32.539,4.628,0.366,0.418,102565,0,13000,0.10356883944430258,1.5321269700896833
562.5,38.132,4.586,0.341,0.401,102565,0,13000,0.18478862466093776,1.5230103649828337
562.75,43.23,4.485,0.304,0.362,102565,0,13000,0.2588201757130397,1.5007407251626774
563.0,44.528,4.394,0.3,0.372,102565,0,13000,0.27766932307781583,1.480242249790507
563.25,35.535,4.347,0.338,0.358,102565,0,13000,0.14707580824620473,1.4694882524410922
563.5,30.522,4.365,0.364,0.402,102565,0,13000,0.07427860043447716,1.4736204802396857
563.75,27.104,4.375,0.385,0.435,102565,0,13000,0.024643480486245584,1.475908805521251
564.0,27.117,4.402,0.391,0.461,102565,0,13000,0.024832262393596986,1.4820612547963739
564.25,26.211,4.429,0.38,0.438,102565,0,13000,0.01167561561972398,1.4881760827845272
564.5,24.572,4.49,0.365,0.394,102565,0,13000,-0.012125426391730535,1.5018549289231748
564.75,23.602,4.569,0.321,0.366,102565,0,13000,-0.026211461017179506,1.5192965512414662
565.0,24.412,4.65,0.304,0.332,102565,0,13000,-0.014448896020670577,1.536869370134587
565.25,28.226,4.696,0.317,0.33,102565,0,13000,0.040936811259187605,1.5467132119954188
565.5,32.956,4.761,0.318,0.356,102565,0,13000,0.10962438216472757,1.5604598306092516
565.75,34.564,4.781,0.299,0.346,102565,0,13000,0.1329752519355749,1.564651821254412
566.0,34.27,4.738,0.291,0.334,102565,0,13000,0.12870587649239765,1.5556172163295543
566.25,38.573,4.722,0.293,0.345,102565,0,13000,0.19119268782570378,1.5522345564077962
566.5,54.088,4.679,0.251,0.339,102565,0,13000,0.41649663340698323,1.5430865490906007
566.75,73.281,4.844,0.244,0.344,102565,0,13000,0.6952113370835219,1.5777428900982937
567.0,83.038,5.187,0.23,0.367,102565,0,13000,0.8368994193933215,1.6461574232640694
567.25,87.217,5.726,0.218,0.376,102565,0,13000,0.8975855417641991,1.7450189530942375
567.5,89.13,6.332,0.204,0.363,102565,0,13000,0.9253655255152134,1.845617721297367
567.75,90.001,6.846,0.195,0.375,102565,0,13000,0.9380139133077561,1.9236660008139088
568.0,89.831,7.402,0.19,0.391,102565,0,13000,0.935545226827007,2.0017515849492717
568.25,41.558,8.154,0.196,0.396,102565,0,13000,0.2345399180906164,2.0985098307882644
568.5,24.659,10.16,0.165,0.377,102565,0,13000,-0.010862039780994393,2.31845942640182
568.75,18.361,12.54,0.14,0.217,102565,0,13000,-0.10231961305014665,2.5289243326526223
569.0,17.945,20.518,0.041,0.117,102565,0,13000,-0.10836063408539076,3.0213030370423395
569.25,18.02,30.025,0.026,0.105,102565,0,13000,-0.10727150769682513,3.4020307010217787
569.5,18.279,42.949,0.037,0.105,102565,0,13000,-0.10351039123497843,3.7600135981064007
569.75,18.353,55.054,0.027,0.11,102565,0,13000,-0.10243578653159364,4.008314703385894
570.0,18.0,59.521,0.02,0.114,102565,0,13000,-0.10756194140044263,4.086329359466885
